Even Number,Prime P,Prime Q
4,2,2
6,3,3
8,3,5
10,3,7
10,5,5
12,5,7
14,3,11
14,7,7
16,3,13
16,5,11
18,5,13
18,7,11
20,3,17
20,7,13
22,3,19
22,5,17
22,11,11
24,5,19
24,7,17
24,11,13
26,3,23
26,7,19
26,13,13
28,5,23
28,11,17
30,7,23
30,11,19
30,13,17
32,3,29
32,13,19
34,3,31
34,5,29
34,11,23
34,17,17
36,5,31
36,7,29
36,13,23
36,17,19
38,7,31
38,19,19
40,3,37
40,11,29
40,17,23
42,5,37
42,11,31
42,13,29
42,19,23
44,3,41
44,7,37
44,13,31
46,3,43
46,5,41
46,17,29
46,23,23
48,5,43
48,7,41
48,11,37
48,17,31
48,19,29
50,3,47
50,7,43
50,13,37
50,19,31
52,5,47
52,11,41
52,23,29
54,7,47
54,11,43
54,13,41
54,17,37
54,23,31
56,3,53
56,13,43
56,19,37
58,5,53
58,11,47
58,17,41
58,29,29
60,7,53
60,13,47
60,17,43
60,19,41
60,23,37
60,29,31
62,3,59
62,19,43
62,31,31
64,3,61
64,5,59
64,11,53
64,17,47
64,23,41
66,5,61
66,7,59
66,13,53
66,19,47
66,23,43
66,29,37
68,7,61
68,31,37
70,3,67
70,11,59
70,17,53
70,23,47
70,29,41
72,5,67
72,11,61
72,13,59
72,19,53
72,29,43
72,31,41
74,3,71
74,7,67
74,13,61
74,31,43
74,37,37
76,3,73
76,5,71
76,17,59
76,23,53
76,29,47
78,5,73
78,7,71
78,11,67
78,17,61
78,19,59
78,31,47
78,37,41
80,7,73
80,13,67
80,19,61
80,37,43
82,3,79
82,11,71
82,23,59
82,29,53
82,41,41
84,5,79
84,11,73
84,13,71
84,17,67
84,23,61
84,31,53
84,37,47
84,41,43
86,3,83
86,7,79
86,13,73
86,19,67
86,43,43
88,5,83
88,17,71
88,29,59
88,41,47
90,7,83
90,11,79
90,17,73
90,19,71
90,23,67
90,29,61
90,31,59
90,37,53
90,43,47
92,3,89
92,13,79
92,19,73
92,31,61
94,5,89
94,11,83
94,23,71
94,41,53
94,47,47
96,7,89
96,13,83
96,17,79
96,23,73
96,29,67
96,37,59
96,43,53
98,19,79
98,31,67
98,37,61
100,3,97
100,11,89
100,17,83
100,29,71
100,41,59
100,47,53
102,5,97
102,13,89
102,19,83
102,23,79
102,29,73
102,31,71
102,41,61
102,43,59
104,3,101
104,7,97
104,31,73
104,37,67
104,43,61
106,3,103
106,5,101
106,17,89
106,23,83
106,47,59
106,53,53
108,5,103
108,7,101
108,11,97
108,19,89
108,29,79
108,37,71
108,41,67
108,47,61
110,3,107
110,7,103
110,13,97
110,31,79
110,37,73
110,43,67
112,3,109
112,5,107
112,11,101
112,23,89
112,29,83
112,41,71
112,53,59
114,5,109
114,7,107
114,11,103
114,13,101
114,17,97
114,31,83
114,41,73
114,43,71
114,47,67
114,53,61
116,3,113
116,7,109
116,13,103
116,19,97
116,37,79
116,43,73
118,5,113
118,11,107
118,17,101
118,29,89
118,47,71
118,59,59
120,7,113
120,11,109
120,13,107
120,17,103
120,19,101
120,23,97
120,31,89
120,37,83
120,41,79
120,47,73
120,53,67
120,59,61
122,13,109
122,19,103
122,43,79
122,61,61
124,11,113
124,17,107
124,23,101
124,41,83
124,53,71
126,13,113
126,17,109
126,19,107
126,23,103
126,29,97
126,37,89
126,43,83
126,47,79
126,53,73
126,59,67
128,19,109
128,31,97
128,61,67
130,3,127
130,17,113
130,23,107
130,29,101
130,41,89
130,47,83
130,59,71
132,5,127
132,19,113
132,23,109
132,29,103
132,31,101
132,43,89
132,53,79
132,59,73
132,61,71
134,3,131
134,7,127
134,31,103
134,37,97
134,61,73
134,67,67
136,5,131
136,23,113
136,29,107
136,47,89
136,53,83
138,7,131
138,11,127
138,29,109
138,31,107
138,37,101
138,41,97
138,59,79
138,67,71
140,3,137
140,13,127
140,31,109
140,37,103
140,43,97
140,61,79
140,67,73
142,3,139
142,5,137
142,11,131
142,29,113
142,41,101
142,53,89
142,59,83
142,71,71
144,5,139
144,7,137
144,13,131
144,17,127
144,31,113
144,37,107
144,41,103
144,43,101
144,47,97
144,61,83
144,71,73
146,7,139
146,19,127
146,37,109
146,43,103
146,67,79
146,73,73
148,11,137
148,17,131
148,41,107
148,47,101
148,59,89
150,11,139
150,13,137
150,19,131
150,23,127
150,37,113
150,41,109
150,43,107
150,47,103
150,53,97
150,61,89
150,67,83
150,71,79
152,3,149
152,13,139
152,43,109
152,73,79
154,3,151
154,5,149
154,17,137
154,23,131
154,41,113
154,47,107
154,53,101
154,71,83
156,5,151
156,7,149
156,17,139
156,19,137
156,29,127
156,43,113
156,47,109
156,53,103
156,59,97
156,67,89
156,73,83
158,7,151
158,19,139
158,31,127
158,61,97
158,79,79
160,3,157
160,11,149
160,23,137
160,29,131
160,47,113
160,53,107
160,59,101
160,71,89
162,5,157
162,11,151
162,13,149
162,23,139
162,31,131
162,53,109
162,59,103
162,61,101
162,73,89
162,79,83
164,7,157
164,13,151
164,37,127
164,61,103
164,67,97
166,3,163
166,17,149
166,29,137
166,53,113
166,59,107
166,83,83
168,5,163
168,11,157
168,17,151
168,19,149
168,29,139
168,31,137
168,37,131
168,41,127
168,59,109
168,61,107
168,67,101
168,71,97
168,79,89
170,3,167
170,7,163
170,13,157
170,19,151
170,31,139
170,43,127
170,61,109
170,67,103
170,73,97
172,5,167
172,23,149
172,41,131
172,59,113
172,71,101
172,83,89
174,7,167
174,11,163
174,17,157
174,23,151
174,37,137
174,43,131
174,47,127
174,61,113
174,67,107
174,71,103
174,73,101
176,3,173
176,13,163
176,19,157
176,37,139
176,67,109
176,73,103
176,79,97
178,5,173
178,11,167
178,29,149
178,41,137
178,47,131
178,71,107
178,89,89
180,7,173
180,13,167
180,17,163
180,23,157
180,29,151
180,31,149
180,41,139
180,43,137
180,53,127
180,67,113
180,71,109
180,73,107
180,79,101
180,83,97
182,3,179
182,19,163
182,31,151
182,43,139
182,73,109
182,79,103
184,3,181
184,5,179
184,11,173
184,17,167
184,47,137
184,53,131
184,71,113
184,83,101
186,5,181
186,7,179
186,13,173
186,19,167
186,23,163
186,29,157
186,37,149
186,47,139
186,59,127
186,73,113
186,79,107
186,83,103
186,89,97
188,7,181
188,31,157
188,37,151
188,61,127
188,79,109
190,11,179
190,17,173
190,23,167
190,41,149
190,53,137
190,59,131
190,83,107
190,89,101
192,11,181
192,13,179
192,19,173
192,29,163
192,41,151
192,43,149
192,53,139
192,61,131
192,79,113
192,83,109
192,89,103
194,3,191
194,13,181
194,31,163
194,37,157
194,43,151
194,67,127
194,97,97
196,3,193
196,5,191
196,17,179
196,23,173
196,29,167
196,47,149
196,59,137
196,83,113
196,89,107
198,5,193
198,7,191
198,17,181
198,19,179
198,31,167
198,41,157
198,47,151
198,59,139
198,61,137
198,67,131
198,71,127
198,89,109
198,97,101
200,3,197
200,7,193
200,19,181
200,37,163
200,43,157
200,61,139
200,73,127
200,97,103
202,3,199
202,5,197
202,11,191
202,23,179
202,29,173
202,53,149
202,71,131
202,89,113
202,101,101
204,5,199
204,7,197
204,11,193
204,13,191
204,23,181
204,31,173
204,37,167
204,41,163
204,47,157
204,53,151
204,67,137
204,73,131
204,97,107
204,101,103
206,7,199
206,13,193
206,43,163
206,67,139
206,79,127
206,97,109
206,103,103
208,11,197
208,17,191
208,29,179
208,41,167
208,59,149
208,71,137
208,101,107
210,11,199
210,13,197
210,17,193
210,19,191
210,29,181
210,31,179
210,37,173
210,43,167
210,47,163
210,53,157
210,59,151
210,61,149
210,71,139
210,73,137
210,79,131
210,83,127
210,97,113
210,101,109
210,103,107
212,13,199
212,19,193
212,31,181
212,61,151
212,73,139
212,103,109
214,3,211
214,17,197
214,23,191
214,41,173
214,47,167
214,83,131
214,101,113
214,107,107
216,5,211
216,17,199
216,19,197
216,23,193
216,37,179
216,43,173
216,53,163
216,59,157
216,67,149
216,79,137
216,89,127
216,103,113
216,107,109
218,7,211
218,19,199
218,37,181
218,61,157
218,67,151
218,79,139
218,109,109
220,23,197
220,29,191
220,41,179
220,47,173
220,53,167
220,71,149
220,83,137
220,89,131
220,107,113
222,11,211
222,23,199
222,29,193
222,31,191
222,41,181
222,43,179
222,59,163
222,71,151
222,73,149
222,83,139
222,109,113
224,13,211
224,31,193
224,43,181
224,61,163
224,67,157
224,73,151
224,97,127
226,3,223
226,29,197
226,47,179
226,53,173
226,59,167
226,89,137
226,113,113
228,5,223
228,17,211
228,29,199
228,31,197
228,37,191
228,47,181
228,61,167
228,71,157
228,79,149
228,89,139
228,97,131
228,101,127
230,3,227
230,7,223
230,19,211
230,31,199
230,37,193
230,67,163
230,73,157
230,79,151
230,103,127
232,3,229
232,5,227
232,41,191
232,53,179
232,59,173
232,83,149
232,101,131
234,5,229
234,7,227
234,11,223
234,23,211
234,37,197
234,41,193
234,43,191
234,53,181
234,61,173
234,67,167
234,71,163
234,83,151
234,97,137
234,103,131
234,107,127
236,3,233
236,7,229
236,13,223
236,37,199
236,43,193
236,73,163
236,79,157
236,97,139
236,109,127
238,5,233
238,11,227
238,41,197
238,47,191
238,59,179
238,71,167
238,89,149
238,101,137
238,107,131
240,7,233
240,11,229
240,13,227
240,17,223
240,29,211
240,41,199
240,43,197
240,47,193
240,59,181
240,61,179
240,67,173
240,73,167
240,83,157
240,89,151
240,101,139
240,103,137
240,109,131
240,113,127
242,3,239
242,13,229
242,19,223
242,31,211
242,43,199
242,61,181
242,79,163
242,103,139
244,3,241
244,5,239
244,11,233
244,17,227
244,47,197
244,53,191
244,71,173
244,107,137
244,113,131
246,5,241
246,7,239
246,13,233
246,17,229
246,19,227
246,23,223
246,47,199
246,53,193
246,67,179
246,73,173
246,79,167
246,83,163
246,89,157
246,97,149
246,107,139
246,109,137
248,7,241
248,19,229
248,37,211
248,67,181
248,97,151
248,109,139
250,11,239
250,17,233
250,23,227
250,53,197
250,59,191
250,71,179
250,83,167
250,101,149
250,113,137
252,11,241
252,13,239
252,19,233
252,23,229
252,29,223
252,41,211
252,53,199
252,59,193
252,61,191
252,71,181
252,73,179
252,79,173
252,89,163
252,101,151
252,103,149
252,113,139
254,3,251
254,13,241
254,31,223
254,43,211
254,61,193
254,73,181
254,97,157
254,103,151
254,127,127
256,5,251
256,17,239
256,23,233
256,29,227
256,59,197
256,83,173
256,89,167
256,107,149
258,7,251
258,17,241
258,19,239
258,29,229
258,31,227
258,47,211
258,59,199
258,61,197
258,67,191
258,79,179
258,101,157
258,107,151
258,109,149
258,127,131
260,3,257
260,19,241
260,31,229
260,37,223
260,61,199
260,67,193
260,79,181
260,97,163
260,103,157
260,109,151
262,5,257
262,11,251
262,23,239
262,29,233
262,71,191
262,83,179
262,89,173
262,113,149
262,131,131
264,7,257
264,13,251
264,23,241
264,31,233
264,37,227
264,41,223
264,53,211
264,67,197
264,71,193
264,73,191
264,83,181
264,97,167
264,101,163
264,107,157
264,113,151
264,127,137
266,3,263
266,37,229
266,43,223
266,67,199
266,73,193
266,103,163
266,109,157
266,127,139
268,5,263
268,11,257
268,17,251
268,29,239
268,41,227
268,71,197
268,89,179
268,101,167
268,131,137
270,7,263
270,13,257
270,19,251
270,29,241
270,31,239
270,37,233
270,41,229
270,43,227
270,47,223
270,59,211
270,71,199
270,73,197
270,79,191
270,89,181
270,97,173
270,103,167
270,107,163
270,113,157
270,131,139
272,3,269
272,31,241
272,43,229
272,61,211
272,73,199
272,79,193
272,109,163
274,3,271
274,5,269
274,11,263
274,17,257
274,23,251
274,41,233
274,47,227
274,83,191
274,101,173
274,107,167
274,137,137
276,5,271
276,7,269
276,13,263
276,19,257
276,37,239
276,43,233
276,47,229
276,53,223
276,79,197
276,83,193
276,97,179
276,103,173
276,109,167
276,113,163
276,127,149
276,137,139
278,7,271
278,37,241
278,67,211
278,79,199
278,97,181
278,127,151
278,139,139
280,3,277
280,11,269
280,17,263
280,23,257
280,29,251
280,41,239
280,47,233
280,53,227
280,83,197
280,89,191
280,101,179
280,107,173
280,113,167
280,131,149
282,5,277
282,11,271
282,13,269
282,19,263
282,31,251
282,41,241
282,43,239
282,53,229
282,59,223
282,71,211
282,83,199
282,89,193
282,101,181
282,103,179
282,109,173
282,131,151
284,3,281
284,7,277
284,13,271
284,43,241
284,61,223
284,73,211
284,103,181
284,127,157
286,3,283
286,5,281
286,17,269
286,23,263
286,29,257
286,47,239
286,53,233
286,59,227
286,89,197
286,107,179
286,113,173
286,137,149
288,5,283
288,7,281
288,11,277
288,17,271
288,19,269
288,31,257
288,37,251
288,47,241
288,59,229
288,61,227
288,89,199
288,97,191
288,107,181
288,109,179
288,131,157
288,137,151
288,139,149
290,7,283
290,13,277
290,19,271
290,61,229
290,67,223
290,79,211
290,97,193
290,109,181
290,127,163
290,139,151
292,11,281
292,23,269
292,29,263
292,41,251
292,53,239
292,59,233
292,101,191
292,113,179
294,11,283
294,13,281
294,17,277
294,23,271
294,31,263
294,37,257
294,43,251
294,53,241
294,61,233
294,67,227
294,71,223
294,83,211
294,97,197
294,101,193
294,103,191
294,113,181
294,127,167
294,131,163
294,137,157
296,3,293
296,13,283
296,19,277
296,67,229
296,73,223
296,97,199
296,103,193
296,139,157
298,5,293
298,17,281
298,29,269
298,41,257
298,47,251
298,59,239
298,71,227
298,101,197
298,107,191
298,131,167
298,149,149
300,7,293
300,17,283
300,19,281
300,23,277
300,29,271
300,31,269
300,37,263
300,43,257
300,59,241
300,61,239
300,67,233
300,71,229
300,73,227
300,89,211
300,101,199
300,103,197
300,107,193
300,109,191
300,127,173
300,137,163
300,149,151
302,19,283
302,31,271
302,61,241
302,73,229
302,79,223
302,103,199
302,109,193
302,139,163
302,151,151
304,11,293
304,23,281
304,41,263
304,47,257
304,53,251
304,71,233
304,107,197
304,113,191
304,131,173
304,137,167
306,13,293
306,23,283
306,29,277
306,37,269
306,43,263
306,67,239
306,73,233
306,79,227
306,83,223
306,107,199
306,109,197
306,113,193
306,127,179
306,139,167
306,149,157
308,31,277
308,37,271
308,67,241
308,79,229
308,97,211
308,109,199
308,127,181
308,151,157
310,3,307
310,17,293
310,29,281
310,41,269
310,47,263
310,53,257
310,59,251
310,71,239
310,83,227
310,113,197
310,131,179
310,137,173
312,5,307
312,19,293
312,29,283
312,31,281
312,41,271
312,43,269
312,61,251
312,71,241
312,73,239
312,79,233
312,83,229
312,89,223
312,101,211
312,113,199
312,131,181
312,139,173
312,149,163
314,3,311
314,7,307
314,31,283
314,37,277
314,43,271
314,73,241
314,103,211
314,151,163
314,157,157
316,3,313
316,5,311
316,23,293
316,47,269
316,53,263
316,59,257
316,83,233
316,89,227
316,137,179
316,149,167
318,5,313
318,7,311
318,11,307
318,37,281
318,41,277
318,47,271
318,61,257
318,67,251
318,79,239
318,89,229
318,107,211
318,127,191
318,137,181
318,139,179
318,151,167
320,3,317
320,7,313
320,13,307
320,37,283
320,43,277
320,79,241
320,97,223
320,109,211
320,127,193
320,139,181
320,157,163
322,5,317
322,11,311
322,29,293
322,41,281
322,53,269
322,59,263
322,71,251
322,83,239
322,89,233
322,131,191
322,149,173
324,7,317
324,11,313
324,13,311
324,17,307
324,31,293
324,41,283
324,43,281
324,47,277
324,53,271
324,61,263
324,67,257
324,73,251
324,83,241
324,97,227
324,101,223
324,113,211
324,127,197
324,131,193
324,151,173
324,157,167
326,13,313
326,19,307
326,43,283
326,97,229
326,103,223
326,127,199
326,163,163
328,11,317
328,17,311
328,47,281
328,59,269
328,71,257
328,89,239
328,101,227
328,131,197
328,137,191
328,149,179
330,13,317
330,17,313
330,19,311
330,23,307
330,37,293
330,47,283
330,53,277
330,59,271
330,61,269
330,67,263
330,73,257
330,79,251
330,89,241
330,97,233
330,101,229
330,103,227
330,107,223
330,131,199
330,137,193
330,139,191
330,149,181
330,151,179
330,157,173
330,163,167
332,19,313
332,61,271
332,103,229
332,109,223
332,139,193
332,151,181
334,3,331
334,17,317
334,23,311
334,41,293
334,53,281
334,71,263
334,83,251
334,101,233
334,107,227
334,137,197
334,167,167
336,5,331
336,19,317
336,23,313
336,29,307
336,43,293
336,53,283
336,59,277
336,67,269
336,73,263
336,79,257
336,97,239
336,103,233
336,107,229
336,109,227
336,113,223
336,137,199
336,139,197
336,157,179
336,163,173
338,7,331
338,31,307
338,61,277
338,67,271
338,97,241
338,109,229
338,127,211
338,139,199
338,157,181
340,3,337
340,23,317
340,29,311
340,47,293
340,59,281
340,71,269
340,83,257
340,89,251
340,101,239
340,107,233
340,113,227
340,149,191
340,167,173
342,5,337
342,11,331
342,29,313
342,31,311
342,59,283
342,61,281
342,71,271
342,73,269
342,79,263
342,101,241
342,103,239
342,109,233
342,113,229
342,131,211
342,149,193
342,151,191
342,163,179
344,7,337
344,13,331
344,31,313
344,37,307
344,61,283
344,67,277
344,73,271
344,103,241
344,151,193
344,163,181
346,29,317
346,53,293
346,83,263
346,89,257
346,107,239
346,113,233
346,149,197
346,167,179
346,173,173
348,11,337
348,17,331
348,31,317
348,37,311
348,41,307
348,67,281
348,71,277
348,79,269
348,97,251
348,107,241
348,109,239
348,137,211
348,149,199
348,151,197
348,157,191
348,167,181
350,3,347
350,13,337
350,19,331
350,37,313
350,43,307
350,67,283
350,73,277
350,79,271
350,109,241
350,127,223
350,139,211
350,151,199
350,157,193
352,3,349
352,5,347
352,41,311
352,59,293
352,71,281
352,83,269
352,89,263
352,101,251
352,113,239
352,173,179
354,5,349
354,7,347
354,17,337
354,23,331
354,37,317
354,41,313
354,43,311
354,47,307
354,61,293
354,71,283
354,73,281
354,83,271
354,97,257
354,103,251
354,113,241
354,127,227
354,131,223
354,157,197
354,163,191
354,173,181
356,3,353
356,7,349
356,19,337
356,43,313
356,73,283
356,79,277
356,127,229
356,157,199
356,163,193
358,5,353
358,11,347
358,41,317
358,47,311
358,89,269
358,101,257
358,107,251
358,131,227
358,167,191
358,179,179
360,7,353
360,11,349
360,13,347
360,23,337
360,29,331
360,43,317
360,47,313
360,53,307
360,67,293
360,79,281
360,83,277
360,89,271
360,97,263
360,103,257
360,109,251
360,127,233
360,131,229
360,137,223
360,149,211
360,163,197
360,167,193
360,179,181
362,3,359
362,13,349
362,31,331
362,79,283
362,139,223
362,151,211
362,163,199
362,181,181
364,5,359
364,11,353
364,17,347
364,47,317
364,53,311
364,71,293
364,83,281
364,101,263
364,107,257
364,113,251
364,131,233
364,137,227
364,167,197
364,173,191
366,7,359
366,13,353
366,17,349
366,19,347
366,29,337
366,53,313
366,59,307
366,73,293
366,83,283
366,89,277
366,97,269
366,103,263
366,109,257
366,127,239
366,137,229
366,139,227
366,167,199
366,173,193
368,19,349
368,31,337
368,37,331
368,61,307
368,97,271
368,127,241
368,139,229
368,157,211
370,3,367
370,11,359
370,17,353
370,23,347
370,53,317
370,59,311
370,89,281
370,101,269
370,107,263
370,113,257
370,131,239
370,137,233
370,173,197
370,179,191
372,5,367
372,13,359
372,19,353
372,23,349
372,41,331
372,59,313
372,61,311
372,79,293
372,89,283
372,101,271
372,103,269
372,109,263
372,131,241
372,139,233
372,149,223
372,173,199
372,179,193
372,181,191
374,7,367
374,37,337
374,43,331
374,61,313
374,67,307
374,97,277
374,103,271
374,151,223
374,163,211
374,181,193
376,3,373
376,17,359
376,23,353
376,29,347
376,59,317
376,83,293
376,107,269
376,113,263
376,137,239
376,149,227
376,179,197
378,5,373
378,11,367
378,19,359
378,29,349
378,31,347
378,41,337
378,47,331
378,61,317
378,67,311
378,71,307
378,97,281
378,101,277
378,107,271
378,109,269
378,127,251
378,137,241
378,139,239
378,149,229
378,151,227
378,167,211
378,179,199
378,181,197
380,7,373
380,13,367
380,31,349
380,43,337
380,67,313
380,73,307
380,97,283
380,103,277
380,109,271
380,139,241
380,151,229
380,157,223
380,181,199
382,3,379
382,23,359
382,29,353
382,71,311
382,89,293
382,101,281
382,113,269
382,131,251
382,149,233
382,191,191
384,5,379
384,11,373
384,17,367
384,31,353
384,37,347
384,47,337
384,53,331
384,67,317
384,71,313
384,73,311
384,101,283
384,103,281
384,107,277
384,113,271
384,127,257
384,151,233
384,157,227
384,173,211
384,191,193
386,3,383
386,7,379
386,13,373
386,19,367
386,37,349
386,73,313
386,79,307
386,103,283
386,109,277
386,157,229
386,163,223
386,193,193
388,5,383
388,29,359
388,41,347
388,71,317
388,107,281
388,131,257
388,137,251
388,149,239
388,191,197
390,7,383
390,11,379
390,17,373
390,23,367
390,31,359
390,37,353
390,41,349
390,43,347
390,53,337
390,59,331
390,73,317
390,79,311
390,83,307
390,97,293
390,107,283
390,109,281
390,113,277
390,127,263
390,139,251
390,149,241
390,151,239
390,157,233
390,163,227
390,167,223
390,179,211
390,191,199
390,193,197
392,3,389
392,13,379
392,19,373
392,43,349
392,61,331
392,79,313
392,109,283
392,151,241
392,163,229
392,181,211
392,193,199
394,5,389
394,11,383
394,41,353
394,47,347
394,83,311
394,101,293
394,113,281
394,131,263
394,137,257
394,167,227
394,197,197
396,7,389
396,13,383
396,17,379
396,23,373
396,29,367
396,37,359
396,43,353
396,47,349
396,59,337
396,79,317
396,83,313
396,89,307
396,103,293
396,113,283
396,127,269
396,139,257
396,157,239
396,163,233
396,167,229
396,173,223
396,197,199
398,19,379
398,31,367
398,61,337
398,67,331
398,127,271
398,157,241
398,199,199
400,3,397
400,11,389
400,17,383
400,41,359
400,47,353
400,53,347
400,83,317
400,89,311
400,107,293
400,131,269
400,137,263
400,149,251
400,167,233
400,173,227
402,5,397
402,13,389
402,19,383
402,23,379
402,29,373
402,43,359
402,53,349
402,71,331
402,89,313
402,109,293
402,131,271
402,139,263
402,151,251
402,163,239
402,173,229
402,179,223
402,191,211
404,3,401
404,7,397
404,31,373
404,37,367
404,67,337
404,73,331
404,97,307
404,127,277
404,163,241
404,181,223
404,193,211
406,5,401
406,17,389
406,23,383
406,47,359
406,53,353
406,59,347
406,89,317
406,113,293
406,137,269
406,149,257
406,167,239
406,173,233
406,179,227
408,7,401
408,11,397
408,19,389
408,29,379
408,41,367
408,59,349
408,61,347
408,71,337
408,97,311
408,101,307
408,127,281
408,131,277
408,137,271
408,139,269
408,151,257
408,157,251
408,167,241
408,179,229
408,181,227
408,197,211
410,13,397
410,31,379
410,37,373
410,43,367
410,61,349
410,73,337
410,79,331
410,97,313
410,103,307
410,127,283
410,139,271
410,181,229
410,199,211
412,3,409
412,11,401
412,23,389
412,29,383
412,53,359
412,59,353
412,101,311
412,131,281
412,149,263
412,173,239
412,179,233
414,5,409
414,13,401
414,17,397
414,31,383
414,41,373
414,47,367
414,61,353
414,67,347
414,83,331
414,97,317
414,101,313
414,103,311
414,107,307
414,131,283
414,137,277
414,151,263
414,157,257
414,163,251
414,173,241
414,181,233
414,191,223
416,7,409
416,19,397
416,37,379
416,43,373
416,67,349
416,79,337
416,103,313
416,109,307
416,139,277
416,193,223
418,17,401
418,29,389
418,59,359
418,71,347
418,101,317
418,107,311
418,137,281
418,149,269
418,167,251
418,179,239
418,191,227
420,11,409
420,19,401
420,23,397
420,31,389
420,37,383
420,41,379
420,47,373
420,53,367
420,61,359
420,67,353
420,71,349
420,73,347
420,83,337
420,89,331
420,103,317
420,107,313
420,109,311
420,113,307
420,127,293
420,137,283
420,139,281
420,149,271
420,151,269
420,157,263
420,163,257
420,179,241
420,181,239
420,191,229
420,193,227
420,197,223
422,3,419
422,13,409
422,43,379
422,73,349
422,109,313
422,139,283
422,151,271
422,181,241
422,193,229
422,199,223
422,211,211
424,3,421
424,5,419
424,23,401
424,41,383
424,71,353
424,107,317
424,113,311
424,131,293
424,167,257
424,173,251
424,191,233
424,197,227
426,5,421
426,7,419
426,17,409
426,29,397
426,37,389
426,43,383
426,47,379
426,53,373
426,59,367
426,67,359
426,73,353
426,79,347
426,89,337
426,109,317
426,113,313
426,149,277
426,157,269
426,163,263
426,193,233
426,197,229
426,199,227
428,7,421
428,19,409
428,31,397
428,61,367
428,79,349
428,97,331
428,151,277
428,157,271
428,199,229
430,11,419
430,29,401
430,41,389
430,47,383
430,71,359
430,83,347
430,113,317
430,137,293
430,149,281
430,167,263
430,173,257
430,179,251
430,191,239
430,197,233
432,11,421
432,13,419
432,23,409
432,31,401
432,43,389
432,53,379
432,59,373
432,73,359
432,79,353
432,83,349
432,101,331
432,139,293
432,149,283
432,151,281
432,163,269
432,181,251
432,191,241
432,193,239
432,199,233
434,3,431
434,13,421
434,37,397
434,61,373
434,67,367
434,97,337
434,103,331
434,127,307
434,151,283
434,157,277
434,163,271
434,193,241
434,211,223
436,3,433
436,5,431
436,17,419
436,47,389
436,53,383
436,83,353
436,89,347
436,167,269
436,173,263
436,179,257
436,197,239
438,5,433
438,7,431
438,17,421
438,19,419
438,29,409
438,37,401
438,41,397
438,59,379
438,71,367
438,79,359
438,89,349
438,101,337
438,107,331
438,127,311
438,131,307
438,157,281
438,167,271
438,181,257
438,197,241
438,199,239
438,211,227
440,7,433
440,19,421
440,31,409
440,43,397
440,61,379
440,67,373
440,73,367
440,103,337
440,109,331
440,127,313
440,157,283
440,163,277
440,199,241
440,211,229
442,3,439
442,11,431
442,23,419
442,41,401
442,53,389
442,59,383
442,83,359
442,89,353
442,131,311
442,149,293
442,173,269
442,179,263
442,191,251
444,5,439
444,11,433
444,13,431
444,23,421
444,43,401
444,47,397
444,61,383
444,71,373
444,97,347
444,107,337
444,113,331
444,127,317
444,131,313
444,137,307
444,151,293
444,163,281
444,167,277
444,173,271
444,181,263
444,193,251
444,211,233
446,3,443
446,7,439
446,13,433
446,37,409
446,67,379
446,73,373
446,79,367
446,97,349
446,109,337
446,139,307
446,163,283
446,223,223
448,5,443
448,17,431
448,29,419
448,47,401
448,59,389
448,89,359
448,101,347
448,131,317
448,137,311
448,167,281
448,179,269
448,191,257
448,197,251
450,7,443
450,11,439
450,17,433
450,19,431
450,29,421
450,31,419
450,41,409
450,53,397
450,61,389
450,67,383
450,71,379
450,83,367
450,97,353
450,101,349
450,103,347
450,113,337
450,137,313
450,139,311
450,157,293
450,167,283
450,173,277
450,179,271
450,181,269
450,193,257
450,199,251
450,211,239
450,223,227
452,3,449
452,13,439
452,19,433
452,31,421
452,43,409
452,73,379
452,79,373
452,103,349
452,139,313
452,181,271
452,211,241
452,223,229
454,5,449
454,11,443
454,23,431
454,53,401
454,71,383
454,101,353
454,107,347
454,137,317
454,173,281
454,191,263
454,197,257
454,227,227
456,7,449
456,13,443
456,17,439
456,23,433
456,37,419
456,47,409
456,59,397
456,67,389
456,73,383
456,83,373
456,89,367
456,97,359
456,103,353
456,107,349
456,109,347
456,139,317
456,149,307
456,163,293
456,173,283
456,179,277
456,193,263
456,199,257
456,223,233
456,227,229
458,19,439
458,37,421
458,61,397
458,79,379
458,109,349
458,127,331
458,151,307
458,181,277
458,229,229
460,3,457
460,11,449
460,17,443
460,29,431
460,41,419
460,59,401
460,71,389
460,101,359
460,107,353
460,113,347
460,149,311
460,167,293
460,179,281
460,191,269
460,197,263
460,227,233
462,5,457
462,13,449
462,19,443
462,23,439
462,29,433
462,31,431
462,41,421
462,43,419
462,53,409
462,61,401
462,73,389
462,79,383
462,83,379
462,89,373
462,103,359
462,109,353
462,113,349
462,131,331
462,149,313
462,151,311
462,179,283
462,181,281
462,191,271
462,193,269
462,199,263
462,211,251
462,223,239
462,229,233
464,3,461
464,7,457
464,31,433
464,43,421
464,67,397
464,97,367
464,127,337
464,151,313
464,157,307
464,181,283
464,193,271
464,223,241
466,3,463
466,5,461
466,17,449
466,23,443
466,47,419
466,83,383
466,107,359
466,113,353
466,149,317
466,173,293
466,197,269
466,227,239
466,233,233
468,5,463
468,7,461
468,11,457
468,19,449
468,29,439
468,37,431
468,47,421
468,59,409
468,67,401
468,71,397
468,79,389
468,89,379
468,101,367
468,109,359
468,131,337
468,137,331
468,151,317
468,157,311
468,191,277
468,197,271
468,199,269
468,211,257
468,227,241
468,229,239
470,3,467
470,7,463
470,13,457
470,31,439
470,37,433
470,61,409
470,73,397
470,97,373
470,103,367
470,139,331
470,157,313
470,163,307
470,193,277
470,199,271
470,229,241
472,5,467
472,11,461
472,23,449
472,29,443
472,41,431
472,53,419
472,71,401
472,83,389
472,89,383
472,113,359
472,179,293
472,191,281
472,233,239
474,7,467
474,11,463
474,13,461
474,17,457
474,31,443
474,41,433
474,43,431
474,53,421
474,73,401
474,101,373
474,107,367
474,127,347
474,137,337
474,157,317
474,163,311
474,167,307
474,181,293
474,191,283
474,193,281
474,197,277
474,211,263
474,223,251
474,233,241
476,13,463
476,19,457
476,37,439
476,43,433
476,67,409
476,79,397
476,97,379
476,103,373
476,109,367
476,127,349
476,139,337
476,163,313
476,193,283
476,199,277
478,11,467
478,17,461
478,29,449
478,47,431
478,59,419
478,89,389
478,131,347
478,167,311
478,197,281
478,227,251
478,239,239
480,13,467
480,17,463
480,19,461
480,23,457
480,31,449
480,37,443
480,41,439
480,47,433
480,59,421
480,61,419
480,71,409
480,79,401
480,83,397
480,97,383
480,101,379
480,107,373
480,113,367
480,127,353
480,131,349
480,149,331
480,163,317
480,167,313
480,173,307
480,197,283
480,199,281
480,211,269
480,223,257
480,229,251
480,239,241
482,3,479
482,19,463
482,43,439
482,61,421
482,73,409
482,103,379
482,109,373
482,151,331
482,199,283
482,211,271
482,241,241
484,5,479
484,17,467
484,23,461
484,41,443
484,53,431
484,83,401
484,101,383
484,131,353
484,137,347
484,167,317
484,173,311
484,191,293
484,227,257
484,233,251
486,7,479
486,19,467
486,23,463
486,29,457
486,37,449
486,43,443
486,47,439
486,53,433
486,67,419
486,89,397
486,97,389
486,103,383
486,107,379
486,113,373
486,127,359
486,137,349
486,139,347
486,149,337
486,173,313
486,179,307
486,193,293
486,223,263
486,229,257
488,31,457
488,67,421
488,79,409
488,109,379
488,139,349
488,151,337
488,157,331
488,181,307
488,211,277
490,3,487
490,11,479
490,23,467
490,29,461
490,41,449
490,47,443
490,59,431
490,71,419
490,89,401
490,101,389
490,107,383
490,131,359
490,137,353
490,173,317
490,179,311
490,197,293
490,227,263
490,233,257
490,239,251
492,5,487
492,13,479
492,29,463
492,31,461
492,43,449
492,53,439
492,59,433
492,61,431
492,71,421
492,73,419
492,83,409
492,103,389
492,109,383
492,113,379
492,139,353
492,179,313
492,181,311
492,199,293
492,211,281
492,223,269
492,229,263
492,241,251
494,3,491
494,7,487
494,31,463
494,37,457
494,61,433
494,73,421
494,97,397
494,127,367
494,157,337
494,163,331
494,181,313
494,211,283
494,223,271
496,5,491
496,17,479
496,29,467
496,47,449
496,53,443
496,107,389
496,113,383
496,137,359
496,149,347
496,179,317
496,227,269
496,233,263
496,239,257
498,7,491
498,11,487
498,19,479
498,31,467
498,37,461
498,41,457
498,59,439
498,67,431
498,79,419
498,89,409
498,97,401
498,101,397
498,109,389
498,131,367
498,139,359
498,149,349
498,151,347
498,167,331
498,181,317
498,191,307
498,227,271
498,229,269
498,241,257
500,13,487
500,37,463
500,43,457
500,61,439
500,67,433
500,79,421
500,103,397
500,127,373
500,151,349
500,163,337
500,193,307
500,223,277
500,229,271
502,3,499
502,11,491
502,23,479
502,41,461
502,53,449
502,59,443
502,71,431
502,83,419
502,101,401
502,113,389
502,149,353
502,191,311
502,233,269
502,239,263
502,251,251
504,5,499
504,13,491
504,17,487
504,37,467
504,41,463
504,43,461
504,47,457
504,61,443
504,71,433
504,73,431
504,83,421
504,103,401
504,107,397
504,131,373
504,137,367
504,151,353
504,157,347
504,167,337
504,173,331
504,191,313
504,193,311
504,197,307
504,211,293
504,223,281
504,227,277
504,233,271
504,241,263
506,3,503
506,7,499
506,19,487
506,43,463
506,67,439
506,73,433
506,97,409
506,109,397
506,127,379
506,139,367
506,157,349
506,193,313
506,199,307
506,223,283
506,229,277
508,5,503
508,17,491
508,29,479
508,41,467
508,47,461
508,59,449
508,89,419
508,107,401
508,149,359
508,191,317
508,197,311
508,227,281
508,239,269
508,251,257
510,7,503
510,11,499
510,19,491
510,23,487
510,31,479
510,43,467
510,47,463
510,53,457
510,61,449
510,67,443
510,71,439
510,79,431
510,89,421
510,101,409
510,109,401
510,113,397
510,127,383
510,131,379
510,137,373
510,151,359
510,157,353
510,163,347
510,173,337
510,179,331
510,193,317
510,197,313
510,199,311
510,227,283
510,229,281
510,233,277
510,239,271
510,241,269
512,3,509
512,13,499
512,73,439
512,79,433
512,103,409
512,139,373
512,163,349
512,181,331
512,199,313
512,229,283
512,241,271
514,5,509
514,11,503
514,23,491
514,47,467
514,53,461
514,71,443
514,83,431
514,113,401
514,131,383
514,167,347
514,197,317
514,233,281
514,251,263
514,257,257
516,7,509
516,13,503
516,17,499
516,29,487
516,37,479
516,53,463
516,59,457
516,67,449
516,73,443
516,83,433
516,97,419
516,107,409
516,127,389
516,137,379
516,149,367
516,157,359
516,163,353
516,167,349
516,179,337
516,199,317
516,223,293
516,233,283
516,239,277
518,19,499
518,31,487
518,61,457
518,79,439
518,97,421
518,109,409
518,139,379
518,151,367
518,181,337
518,211,307
518,241,277
520,11,509
520,17,503
520,29,491
520,41,479
520,53,467
520,59,461
520,71,449
520,89,431
520,101,419
520,131,389
520,137,383
520,167,353
520,173,347
520,227,293
520,239,281
520,251,269
520,257,263
522,13,509
522,19,503
522,23,499
522,31,491
522,43,479
522,59,463
522,61,461
522,73,449
522,79,443
522,83,439
522,89,433
522,101,421
522,103,419
522,113,409
522,139,383
522,149,373
522,163,359
522,173,349
522,191,331
522,211,311
522,229,293
522,239,283
522,241,281
522,251,271
524,3,521
524,37,487
524,61,463
524,67,457
524,103,421
524,127,397
524,151,373
524,157,367
524,193,331
524,211,313
524,241,283
526,3,523
526,5,521
526,17,509
526,23,503
526,47,479
526,59,467
526,83,443
526,107,419
526,137,389
526,167,359
526,173,353
526,179,347
526,233,293
526,257,269
526,263,263
528,5,523
528,7,521
528,19,509
528,29,499
528,37,491
528,41,487
528,61,467
528,67,461
528,71,457
528,79,449
528,89,439
528,97,431
528,107,421
528,109,419
528,127,401
528,131,397
528,139,389
528,149,379
528,179,349
528,181,347
528,191,337
528,197,331
528,211,317
528,251,277
528,257,271
530,7,523
530,31,499
530,43,487
530,67,463
530,73,457
530,97,433
530,109,421
530,151,379
530,157,373
530,163,367
530,181,349
530,193,337
530,199,331
530,223,307
532,11,521
532,23,509
532,29,503
532,41,491
532,53,479
532,71,461
532,83,449
532,89,443
532,101,431
532,113,419
532,131,401
532,149,383
532,173,359
532,179,353
532,239,293
532,251,281
532,263,269
534,11,523
534,13,521
534,31,503
534,43,491
534,47,487
534,67,467
534,71,463
534,73,461
534,101,433
534,103,431
534,113,421
534,137,397
534,151,383
534,167,367
534,181,353
534,197,337
534,223,311
534,227,307
534,241,293
534,251,283
534,257,277
534,263,271
536,13,523
536,37,499
536,73,463
536,79,457
536,97,439
536,103,433
536,127,409
536,139,397
536,157,379
536,163,373
536,199,337
536,223,313
536,229,307
538,17,521
538,29,509
538,47,491
538,59,479
538,71,467
538,89,449
538,107,431
538,137,401
538,149,389
538,179,359
538,191,347
538,227,311
538,257,281
538,269,269
540,17,523
540,19,521
540,31,509
540,37,503
540,41,499
540,53,487
540,61,479
540,73,467
540,79,461
540,83,457
540,97,443
540,101,439
540,107,433
540,109,431
540,131,409
540,139,401
540,151,389
540,157,383
540,167,373
540,173,367
540,181,359
540,191,349
540,193,347
540,223,317
540,227,313
540,229,311
540,233,307
540,257,283
540,263,277
540,269,271
542,19,523
542,43,499
542,79,463
542,103,439
542,109,433
542,163,379
542,193,349
542,211,331
542,229,313
542,271,271
544,3,541
544,23,521
544,41,503
544,53,491
544,83,461
544,101,443
544,113,431
544,191,353
544,197,347
544,227,317
544,233,311
544,251,293
544,263,281
546,5,541
546,23,523
546,37,509
546,43,503
546,47,499
546,59,487
546,67,479
546,79,467
546,83,463
546,89,457
546,97,449
546,103,443
546,107,439
546,113,433
546,127,419
546,137,409
546,149,397
546,157,389
546,163,383
546,167,379
546,173,373
546,179,367
546,193,353
546,197,349
546,199,347
546,229,317
546,233,313
546,239,307
546,263,283
546,269,277
548,7,541
548,61,487
548,109,439
548,127,421
548,139,409
548,151,397
548,181,367
548,199,349
548,211,337
548,241,307
548,271,277
550,3,547
550,29,521
550,41,509
550,47,503
550,59,491
550,71,479
550,83,467
550,89,461
550,101,449
550,107,443
550,131,419
550,149,401
550,167,383
550,191,359
550,197,353
550,233,317
550,239,311
550,257,293
550,269,281
552,5,547
552,11,541
552,29,523
552,31,521
552,43,509
552,53,499
552,61,491
552,73,479
552,89,463
552,103,449
552,109,443
552,113,439
552,131,421
552,151,401
552,163,389
552,173,379
552,179,373
552,193,359
552,199,353
552,239,313
552,241,311
552,269,283
552,271,281
554,7,547
554,13,541
554,31,523
554,67,487
554,97,457
554,157,397
554,181,373
554,223,331
554,241,313
554,271,283
554,277,277
556,47,509
556,53,503
556,89,467
556,107,449
556,113,443
556,137,419
556,167,389
556,173,383
556,197,359
556,239,317
556,263,293
558,11,547
558,17,541
558,37,521
558,59,499
558,67,491
558,71,487
558,79,479
558,97,461
558,101,457
558,109,449
558,127,431
558,137,421
558,139,419
558,149,409
558,157,401
558,179,379
558,191,367
558,199,359
558,211,347
558,227,331
558,241,317
558,251,307
558,277,281
560,3,557
560,13,547
560,19,541
560,37,523
560,61,499
560,73,487
560,97,463
560,103,457
560,127,433
560,139,421
560,151,409
560,163,397
560,181,379
560,193,367
560,211,349
560,223,337
560,229,331
560,277,283
562,5,557
562,41,521
562,53,509
562,59,503
562,71,491
562,83,479
562,101,461
562,113,449
562,131,431
562,173,389
562,179,383
562,251,311
562,269,293
562,281,281
564,7,557
564,17,547
564,23,541
564,41,523
564,43,521
564,61,503
564,73,491
564,97,467
564,101,463
564,103,461
564,107,457
564,131,433
564,163,401
564,167,397
564,181,383
564,191,373
564,197,367
564,211,353
564,227,337
564,233,331
564,251,313
564,257,307
564,271,293
564,281,283
566,3,563
566,19,547
566,43,523
566,67,499
566,79,487
566,103,463
566,109,457
566,127,439
566,157,409
566,193,373
566,199,367
566,229,337
566,283,283
568,5,563
568,11,557
568,47,521
568,59,509
568,89,479
568,101,467
568,107,461
568,137,431
568,149,419
568,167,401
568,179,389
568,251,317
568,257,311
570,7,563
570,13,557
570,23,547
570,29,541
570,47,523
570,61,509
570,67,503
570,71,499
570,79,491
570,83,487
570,103,467
570,107,463
570,109,461
570,113,457
570,127,443
570,131,439
570,137,433
570,139,431
570,149,421
570,151,419
570,173,397
570,181,389
570,191,379
570,197,373
570,211,359
570,223,347
570,233,337
570,239,331
570,257,313
570,263,307
570,277,293
572,3,569
572,31,541
572,73,499
572,109,463
572,139,433
572,151,421
572,163,409
572,193,379
572,199,373
572,223,349
572,241,331
574,3,571
574,5,569
574,11,563
574,17,557
574,53,521
574,71,503
574,83,491
574,107,467
574,113,461
574,131,443
574,173,401
574,191,383
574,227,347
574,257,317
574,263,311
574,281,293
576,5,571
576,7,569
576,13,563
576,19,557
576,29,547
576,53,523
576,67,509
576,73,503
576,89,487
576,97,479
576,109,467
576,113,463
576,127,449
576,137,439
576,157,419
576,167,409
576,179,397
576,193,383
576,197,379
576,223,353
576,227,349
576,229,347
576,239,337
576,263,313
576,269,307
576,283,293
578,7,571
578,31,547
578,37,541
578,79,499
578,139,439
578,157,421
578,181,397
578,199,379
578,211,367
578,229,349
578,241,337
578,271,307
580,3,577
580,11,569
580,17,563
580,23,557
580,59,521
580,71,509
580,89,491
580,101,479
580,113,467
580,131,449
580,137,443
580,149,431
580,179,401
580,191,389
580,197,383
580,227,353
580,233,347
580,263,317
580,269,311
582,5,577
582,11,571
582,13,569
582,19,563
582,41,541
582,59,523
582,61,521
582,73,509
582,79,503
582,83,499
582,103,479
582,139,443
582,149,433
582,151,431
582,163,419
582,173,409
582,181,401
582,193,389
582,199,383
582,223,359
582,229,353
582,233,349
582,251,331
582,269,313
582,271,311
584,7,577
584,13,571
584,37,547
584,43,541
584,61,523
584,97,487
584,127,457
584,151,433
584,163,421
584,211,373
584,271,313
584,277,307
586,17,569
586,23,563
586,29,557
586,83,503
586,107,479
586,137,449
586,167,419
586,197,389
586,227,359
586,233,353
586,239,347
586,269,317
586,293,293
588,11,577
588,17,571
588,19,569
588,31,557
588,41,547
588,47,541
588,67,521
588,79,509
588,89,499
588,97,491
588,101,487
588,109,479
588,127,461
588,131,457
588,139,449
588,149,439
588,157,431
588,167,421
588,179,409
588,191,397
588,199,389
588,229,359
588,239,349
588,241,347
588,251,337
588,257,331
588,271,317
588,277,311
588,281,307
590,3,587
590,13,577
590,19,571
590,43,547
590,67,523
590,103,487
590,127,463
590,151,439
590,157,433
590,181,409
590,193,397
590,211,379
590,223,367
590,241,349
590,277,313
590,283,307
592,5,587
592,23,569
592,29,563
592,71,521
592,83,509
592,89,503
592,101,491
592,113,479
592,131,461
592,149,443
592,173,419
592,191,401
592,233,359
592,239,353
592,281,311
594,7,587
594,17,577
594,23,571
594,31,563
594,37,557
594,47,547
594,53,541
594,71,523
594,73,521
594,103,491
594,107,487
594,127,467
594,131,463
594,137,457
594,151,443
594,163,431
594,173,421
594,193,401
594,197,397
594,211,383
594,227,367
594,241,353
594,257,337
594,263,331
594,277,317
594,281,313
594,283,311
596,3,593
596,19,577
596,73,523
596,97,499
596,109,487
596,139,457
596,157,439
596,163,433
596,199,397
596,223,373
596,229,367
596,283,313
598,5,593
598,11,587
598,29,569
598,41,557
598,89,509
598,107,491
598,131,467
598,137,461
598,149,449
598,167,431
598,179,419
598,197,401
598,239,359
598,251,347
598,281,317
600,7,593
600,13,587
600,23,577
600,29,571
600,31,569
600,37,563
600,43,557
600,53,547
600,59,541
600,79,521
600,97,503
600,101,499
600,109,491
600,113,487
600,137,463
600,139,461
600,151,449
600,157,443
600,167,433
600,179,421
600,181,419
600,191,409
600,199,401
600,211,389
600,227,373
600,233,367
600,241,359
600,251,349
600,263,337
600,269,331
600,283,317
600,293,307
602,3,599
602,31,571
602,61,541
602,79,523
602,103,499
602,139,463
602,163,439
602,181,421
602,193,409
602,223,379
602,229,373
602,271,331
604,3,601
604,5,599
604,11,593
604,17,587
604,41,563
604,47,557
604,83,521
604,101,503
604,113,491
604,137,467
604,173,431
604,251,353
604,257,347
604,293,311
606,5,601
606,7,599
606,13,593
606,19,587
606,29,577
606,37,569
606,43,563
606,59,547
606,83,523
606,97,509
606,103,503
606,107,499
606,127,479
606,139,467
606,149,457
606,157,449
606,163,443
606,167,439
606,173,433
606,197,409
606,223,383
606,227,379
606,233,373
606,239,367
606,257,349
606,269,337
606,293,313
608,7,601
608,31,577
608,37,571
608,61,547
608,67,541
608,109,499
608,151,457
608,199,409
608,211,397
608,229,379
608,241,367
608,271,337
608,277,331
610,3,607
610,11,599
610,17,593
610,23,587
610,41,569
610,47,563
610,53,557
610,89,521
610,101,509
610,107,503
610,131,479
610,149,461
610,167,443
610,179,431
610,191,419
610,227,383
610,251,359
610,257,353
610,263,347
610,293,317
612,5,607
612,11,601
612,13,599
612,19,593
612,41,571
612,43,569
612,71,541
612,89,523
612,103,509
612,109,503
612,113,499
612,149,463
612,151,461
612,163,449
612,173,439
612,179,433
612,181,431
612,191,421
612,193,419
612,211,401
612,223,389
612,229,383
612,233,379
612,239,373
612,263,349
612,281,331
614,7,607
614,13,601
614,37,577
614,43,571
614,67,547
614,73,541
614,127,487
614,151,463
614,157,457
614,181,433
614,193,421
614,241,373
614,277,337
614,283,331
614,307,307
616,3,613
616,17,599
616,23,593
616,29,587
616,47,569
616,53,563
616,59,557
616,107,509
616,113,503
616,137,479
616,149,467
616,167,449
616,173,443
616,197,419
616,227,389
616,233,383
616,257,359
616,263,353
616,269,347
618,5,613
618,11,607
618,17,601
618,19,599
618,31,587
618,41,577
618,47,571
618,61,557
618,71,547
618,97,521
618,109,509
618,127,491
618,131,487
618,139,479
618,151,467
618,157,461
618,179,439
618,197,421
618,199,419
618,229,389
618,239,379
618,251,367
618,269,349
618,271,347
618,281,337
618,307,311
620,3,617
620,7,613
620,13,607
620,19,601
620,43,577
620,73,547
620,79,541
620,97,523
620,157,463
620,163,457
620,181,439
620,199,421
620,211,409
620,223,397
620,241,379
620,271,349
620,283,337
620,307,313
622,3,619
622,5,617
622,23,599
622,29,593
622,53,569
622,59,563
622,101,521
622,113,509
622,131,491
622,173,449
622,179,443
622,191,431
622,233,389
622,239,383
622,263,359
622,269,353
622,311,311
624,5,619
624,7,617
624,11,613
624,17,607
624,23,601
624,31,593
624,37,587
624,47,577
624,53,571
624,61,563
624,67,557
624,83,541
624,101,523
624,103,521
624,137,487
624,157,467
624,163,461
624,167,457
624,181,443
624,191,433
624,193,431
624,223,401
624,227,397
624,241,383
624,251,373
624,257,367
624,271,353
624,277,347
624,293,331
624,307,317
624,311,313
626,7,619
626,13,613
626,19,607
626,79,547
626,103,523
626,127,499
626,139,487
626,163,463
626,193,433
626,229,397
626,277,349
626,313,313
628,11,617
628,29,599
628,41,587
628,59,569
628,71,557
628,107,521
628,137,491
628,149,479
628,167,461
628,179,449
628,197,431
628,227,401
628,239,389
628,269,359
628,281,347
628,311,317
630,11,619
630,13,617
630,17,613
630,23,607
630,29,601
630,31,599
630,37,593
630,43,587
630,53,577
630,59,571
630,61,569
630,67,563
630,73,557
630,83,547
630,89,541
630,107,523
630,109,521
630,127,503
630,131,499
630,139,491
630,151,479
630,163,467
630,167,463
630,173,457
630,181,449
630,191,439
630,197,433
630,199,431
630,211,419
630,229,401
630,233,397
630,241,389
630,251,379
630,257,373
630,263,367
630,271,359
630,277,353
630,281,349
630,283,347
630,293,337
630,313,317
632,13,619
632,19,613
632,31,601
632,61,571
632,109,523
632,193,439
632,199,433
632,211,421
632,223,409
632,283,349
634,3,631
634,17,617
634,41,593
634,47,587
634,71,563
634,113,521
634,131,503
634,167,467
634,173,461
634,191,443
634,233,401
634,251,383
634,281,353
634,317,317
636,5,631
636,17,619
636,19,617
636,23,613
636,29,607
636,37,599
636,43,593
636,59,577
636,67,569
636,73,563
636,79,557
636,89,547
636,113,523
636,127,509
636,137,499
636,149,487
636,157,479
636,173,463
636,179,457
636,193,443
636,197,439
636,227,409
636,239,397
636,257,379
636,263,373
636,269,367
636,277,359
636,283,353
638,7,631
638,19,619
638,31,607
638,37,601
638,61,577
638,67,571
638,97,541
638,139,499
638,151,487
638,181,457
638,199,439
638,229,409
638,241,397
638,271,367
638,307,331
640,23,617
640,41,599
640,47,593
640,53,587
640,71,569
640,83,557
640,131,509
640,137,503
640,149,491
640,173,467
640,179,461
640,191,449
640,197,443
640,239,401
640,251,389
640,257,383
640,281,359
640,293,347
642,11,631
642,23,619
642,29,613
642,41,601
642,43,599
642,71,571
642,73,569
642,79,563
642,101,541
642,139,503
642,151,491
642,163,479
642,179,463
642,181,461
642,193,449
642,199,443
642,211,431
642,223,419
642,233,409
642,241,401
642,263,379
642,269,373
642,283,359
642,293,349
642,311,331
644,3,641
644,13,631
644,31,613
644,37,607
644,43,601
644,67,577
644,73,571
644,97,547
644,103,541
644,157,487
644,181,463
644,211,433
644,223,421
644,271,373
644,277,367
644,307,337
644,313,331
646,3,643
646,5,641
646,29,617
646,47,599
646,53,593
646,59,587
646,83,563
646,89,557
646,137,509
646,167,479
646,179,467
646,197,449
646,227,419
646,257,389
646,263,383
646,293,353
648,5,643
648,7,641
648,17,631
648,29,619
648,31,617
648,41,607
648,47,601
648,61,587
648,71,577
648,79,569
648,101,547
648,107,541
648,127,521
648,139,509
648,149,499
648,157,491
648,181,467
648,191,457
648,199,449
648,227,421
648,229,419
648,239,409
648,251,397
648,269,379
648,281,367
648,311,337
648,317,331
650,3,647
650,7,643
650,19,631
650,31,619
650,37,613
650,43,607
650,73,577
650,79,571
650,103,547
650,109,541
650,127,523
650,151,499
650,163,487
650,193,457
650,211,439
650,229,421
650,241,409
650,271,379
650,277,373
650,283,367
650,313,337
652,5,647
652,11,641
652,53,599
652,59,593
652,83,569
652,89,563
652,131,521
652,149,503
652,173,479
652,191,461
652,233,419
652,251,401
652,263,389
652,269,383
652,293,359
654,7,647
654,11,643
654,13,641
654,23,631
654,37,617
654,41,613
654,47,607
654,53,601
654,61,593
654,67,587
654,83,571
654,97,557
654,107,547
654,113,541
654,131,523
654,151,503
654,163,491
654,167,487
654,191,463
654,193,461
654,197,457
654,211,443
654,223,431
654,233,421
654,257,397
654,271,383
654,281,373
654,307,347
654,317,337
656,3,653
656,13,643
656,37,619
656,43,613
656,79,577
656,109,547
656,157,499
656,193,463
656,199,457
656,223,433
656,277,379
656,283,373
656,307,349
658,5,653
658,11,647
658,17,641
658,41,617
658,59,599
658,71,587
658,89,569
658,101,557
658,137,521
658,149,509
658,167,491
658,179,479
658,191,467
658,197,461
658,227,431
658,239,419
658,257,401
658,269,389
658,311,347
660,7,653
660,13,647
660,17,643
660,19,641
660,29,631
660,41,619
660,43,617
660,47,613
660,53,607
660,59,601
660,61,599
660,67,593
660,73,587
660,83,577
660,89,571
660,97,563
660,103,557
660,113,547
660,137,523
660,139,521
660,151,509
660,157,503
660,173,487
660,181,479
660,193,467
660,197,463
660,199,461
660,211,449
660,227,433
660,229,431
660,239,421
660,241,419
660,251,409
660,263,397
660,271,389
660,277,383
660,281,379
660,293,367
660,307,353
660,311,349
660,313,347
662,3,659
662,19,643
662,31,631
662,43,619
662,61,601
662,139,523
662,163,499
662,199,463
662,223,439
662,229,433
662,241,421
662,283,379
662,313,349
662,331,331
664,3,661
664,5,659
664,11,653
664,17,647
664,23,641
664,47,617
664,71,593
664,101,563
664,107,557
664,173,491
664,197,467
664,233,431
664,263,401
664,281,383
664,311,353
664,317,347
666,5,661
666,7,659
666,13,653
666,19,647
666,23,643
666,47,619
666,53,613
666,59,607
666,67,599
666,73,593
666,79,587
666,89,577
666,97,569
666,103,563
666,109,557
666,157,509
666,163,503
666,167,499
666,179,487
666,199,467
666,223,443
666,227,439
666,233,433
666,257,409
666,269,397
666,277,389
666,283,383
666,293,373
666,307,359
666,313,353
666,317,349
668,7,661
668,37,631
668,61,607
668,67,601
668,97,571
668,127,541
668,181,487
668,211,457
668,229,439
668,271,397
668,331,337
670,11,659
670,17,653
670,23,647
670,29,641
670,53,617
670,71,599
670,83,587
670,101,569
670,107,563
670,113,557
670,149,521
670,167,503
670,179,491
670,191,479
670,227,443
670,239,431
670,251,419
670,269,401
670,281,389
670,311,359
670,317,353
672,11,661
672,13,659
672,19,653
672,29,643
672,31,641
672,41,631
672,53,619
672,59,613
672,71,601
672,73,599
672,79,593
672,101,571
672,103,569
672,109,563
672,131,541
672,149,523
672,151,521
672,163,509
672,173,499
672,181,491
672,193,479
672,211,461
672,223,449
672,229,443
672,233,439
672,239,433
672,241,431
672,251,421
672,263,409
672,271,401
672,283,389
672,293,379
672,313,359
674,13,661
674,31,643
674,43,631
674,61,613
674,67,607
674,73,601
674,97,577
674,103,571
674,127,547
674,151,523
674,211,463
674,241,433
674,277,397
674,307,367
674,337,337
676,3,673
676,17,659
676,23,653
676,29,647
676,59,617
676,83,593
676,89,587
676,107,569
676,113,563
676,167,509
676,173,503
676,197,479
676,227,449
676,233,443
676,257,419
676,293,383
676,317,359
678,5,673
678,17,661
678,19,659
678,31,647
678,37,641
678,47,631
678,59,619
678,61,617
678,71,607
678,79,599
678,101,577
678,107,571
678,109,569
678,131,547
678,137,541
678,157,521
678,179,499
678,191,487
678,199,479
678,211,467
678,229,449
678,239,439
678,257,421
678,269,409
678,277,401
678,281,397
678,311,367
678,331,347
680,3,677
680,7,673
680,19,661
680,37,643
680,61,619
680,67,613
680,73,607
680,79,601
680,103,577
680,109,571
680,139,541
680,157,523
680,181,499
680,193,487
680,223,457
680,241,439
680,271,409
680,283,397
680,307,373
680,313,367
680,331,349
682,5,677
682,23,659
682,29,653
682,41,641
682,83,599
682,89,593
682,113,569
682,173,509
682,179,503
682,191,491
682,233,449
682,239,443
682,251,431
682,263,419
682,281,401
682,293,389
684,7,677
684,11,673
684,23,661
684,31,653
684,37,647
684,41,643
684,43,641
684,53,631
684,67,617
684,71,613
684,83,601
684,97,587
684,107,577
684,113,571
684,127,557
684,137,547
684,163,521
684,181,503
684,193,491
684,197,487
684,223,461
684,227,457
684,241,443
684,251,433
684,263,421
684,283,401
684,311,373
684,317,367
684,331,353
684,337,347
686,3,683
686,13,673
686,43,643
686,67,619
686,73,613
686,79,607
686,109,577
686,139,547
686,163,523
686,199,487
686,223,463
686,229,457
686,277,409
686,307,379
686,313,373
686,337,349
688,5,683
688,11,677
688,29,659
688,41,647
688,47,641
688,71,617
688,89,599
688,101,587
688,131,557
688,167,521
688,179,509
688,197,491
688,227,461
688,239,449
688,257,431
688,269,419
690,7,683
690,13,677
690,17,673
690,29,661
690,31,659
690,37,653
690,43,647
690,47,643
690,59,631
690,71,619
690,73,617
690,83,607
690,89,601
690,97,593
690,103,587
690,113,577
690,127,563
690,149,541
690,167,523
690,181,509
690,191,499
690,199,491
690,211,479
690,223,467
690,227,463
690,229,461
690,233,457
690,241,449
690,251,439
690,257,433
690,269,421
690,271,419
690,281,409
690,293,397
690,307,383
690,311,379
690,317,373
690,331,359
690,337,353
692,19,673
692,31,661
692,61,631
692,73,619
692,79,613
692,151,541
692,193,499
692,229,463
692,271,421
692,283,409
692,313,379
694,3,691
694,11,683
694,17,677
694,41,653
694,47,647
694,53,641
694,101,593
694,107,587
694,131,563
694,137,557
694,173,521
694,191,503
694,227,467
694,233,461
694,251,443
694,263,431
694,293,401
694,311,383
694,347,347
696,5,691
696,13,683
696,19,677
696,23,673
696,37,659
696,43,653
696,53,643
696,79,617
696,83,613
696,89,607
696,97,599
696,103,593
696,109,587
696,127,569
696,139,557
696,149,547
696,173,523
696,193,503
696,197,499
696,229,467
696,233,463
696,239,457
696,257,439
696,263,433
696,277,419
696,307,389
696,313,383
696,317,379
696,337,359
696,347,349
698,7,691
698,37,661
698,67,631
698,79,619
698,97,601
698,127,571
698,151,547
698,157,541
698,199,499
698,211,487
698,241,457
698,277,421
698,331,367
698,349,349
700,17,683
700,23,677
700,41,659
700,47,653
700,53,647
700,59,641
700,83,617
700,101,599
700,107,593
700,113,587
700,131,569
700,137,563
700,179,521
700,191,509
700,197,503
700,233,467
700,239,461
700,251,449
700,257,443
700,269,431
700,281,419
700,311,389
700,317,383
700,347,353
702,11,691
702,19,683
702,29,673
702,41,661
702,43,659
702,59,643
702,61,641
702,71,631
702,83,619
702,89,613
702,101,601
702,103,599
702,109,593
702,131,571
702,139,563
702,179,523
702,181,521
702,193,509
702,199,503
702,211,491
702,223,479
702,239,463
702,241,461
702,263,439
702,269,433
702,271,431
702,281,421
702,283,419
702,293,409
702,313,389
702,349,353
704,3,701
704,13,691
704,31,673
704,43,661
704,61,643
704,73,631
704,97,607
704,103,601
704,127,577
704,157,547
704,163,541
704,181,523
704,241,463
704,271,433
704,283,421
704,307,397
704,331,373
704,337,367
706,5,701
706,23,683
706,29,677
706,47,659
706,53,653
706,59,647
706,89,617
706,107,599
706,113,593
706,137,569
706,149,557
706,197,509
706,227,479
706,239,467
706,257,449
706,263,443
706,317,389
706,347,359
706,353,353
708,7,701
708,17,691
708,31,677
708,47,661
708,61,647
708,67,641
708,89,619
708,101,607
708,107,601
708,109,599
708,131,577
708,137,571
708,139,569
708,151,557
708,167,541
708,199,509
708,229,479
708,241,467
708,251,457
708,269,439
708,277,431
708,307,401
708,311,397
708,349,359
710,19,691
710,37,673
710,67,643
710,79,631
710,97,613
710,103,607
710,109,601
710,139,571
710,163,547
710,211,499
710,223,487
710,271,439
710,277,433
710,313,397
710,331,379
710,337,373
712,3,709
712,11,701
712,29,683
712,53,659
712,59,653
712,71,641
712,113,599
712,149,563
712,191,521
712,233,479
712,251,461
712,263,449
712,269,443
712,281,431
712,293,419
712,311,401
712,353,359
714,5,709
714,13,701
714,23,691
714,31,683
714,37,677
714,41,673
714,53,661
714,61,653
714,67,647
714,71,643
714,73,641
714,83,631
714,97,617
714,101,613
714,107,607
714,113,601
714,127,587
714,137,577
714,151,563
714,157,557
714,167,547
714,173,541
714,191,523
714,193,521
714,211,503
714,223,491
714,227,487
714,251,463
714,257,457
714,271,443
714,281,433
714,283,431
714,293,421
714,313,401
714,317,397
714,331,383
714,347,367
716,7,709
716,43,673
716,73,643
716,97,619
716,103,613
716,109,607
716,139,577
716,193,523
716,229,487
716,277,439
716,283,433
716,307,409
716,337,379
716,349,367
718,17,701
718,41,677
718,59,659
718,71,647
718,101,617
718,131,587
718,149,569
718,197,521
718,227,491
718,239,479
718,251,467
718,257,461
718,269,449
718,317,401
718,359,359
720,11,709
720,19,701
720,29,691
720,37,683
720,43,677
720,47,673
720,59,661
720,61,659
720,67,653
720,73,647
720,79,641
720,89,631
720,101,619
720,103,617
720,107,613
720,113,607
720,127,593
720,149,571
720,151,569
720,157,563
720,163,557
720,173,547
720,179,541
720,197,523
720,199,521
720,211,509
720,229,491
720,233,487
720,241,479
720,257,463
720,263,457
720,271,449
720,277,443
720,281,439
720,311,409
720,331,389
720,337,383
720,347,373
720,353,367
722,3,719
722,13,709
722,31,691
722,61,661
722,79,643
722,103,619
722,109,613
722,151,571
722,181,541
722,199,523
722,223,499
722,283,439
722,313,409
722,349,373
724,5,719
724,23,701
724,41,683
724,47,677
724,71,653
724,83,641
724,107,617
724,131,593
724,137,587
724,167,557
724,233,491
724,257,467
724,263,461
724,281,443
724,293,431
726,7,719
726,17,709
726,43,683
726,53,673
726,67,659
726,73,653
726,79,647
726,83,643
726,107,619
726,109,617
726,113,613
726,127,599
726,139,587
726,149,577
726,157,569
726,163,563
726,179,547
726,223,503
726,227,499
726,239,487
726,263,463
726,269,457
726,277,449
726,283,443
726,293,433
726,307,419
726,317,409
726,337,389
726,347,379
726,353,373
726,359,367
728,19,709
728,37,691
728,67,661
728,97,631
728,109,619
728,127,601
728,151,577
728,157,571
728,181,547
728,229,499
728,241,487
728,271,457
728,307,421
728,331,397
728,349,379
730,3,727
730,11,719
730,29,701
730,47,683
730,53,677
730,71,659
730,83,647
730,89,641
730,113,617
730,131,599
730,137,593
730,167,563
730,173,557
730,227,503
730,239,491
730,251,479
730,263,467
730,269,461
730,281,449
730,311,419
730,347,383
732,5,727
732,13,719
732,23,709
732,31,701
732,41,691
732,59,673
732,71,661
732,73,659
732,79,653
732,89,643
732,101,631
732,113,619
732,131,601
732,139,593
732,163,569
732,191,541
732,211,521
732,223,509
732,229,503
732,233,499
732,241,491
732,269,463
732,271,461
732,283,449
732,293,439
732,311,421
732,313,419
732,331,401
732,349,383
732,353,379
732,359,373
734,7,727
734,43,691
734,61,673
734,73,661
734,103,631
734,127,607
734,157,577
734,163,571
734,193,541
734,211,523
734,271,463
734,277,457
734,313,421
734,337,397
734,367,367
736,3,733
736,17,719
736,53,683
736,59,677
736,83,653
736,89,647
736,137,599
736,149,587
736,167,569
736,173,563
736,179,557
736,227,509
736,233,503
736,257,479
736,269,467
736,293,443
736,317,419
736,347,389
736,353,383
738,5,733
738,11,727
738,19,719
738,29,709
738,37,701
738,47,691
738,61,677
738,79,659
738,97,641
738,107,631
738,131,607
738,137,601
738,139,599
738,151,587
738,167,571
738,181,557
738,191,547
738,197,541
738,229,509
738,239,499
738,251,487
738,271,467
738,277,461
738,281,457
738,307,431
738,317,421
738,337,401
738,349,389
738,359,379
740,7,733
740,13,727
740,31,709
740,67,673
740,79,661
740,97,643
740,109,631
740,127,613
740,139,601
740,163,577
740,193,547
740,199,541
740,241,499
740,277,463
740,283,457
740,307,433
740,331,409
740,367,373
742,3,739
742,23,719
742,41,701
742,59,683
742,83,659
742,89,653
742,101,641
742,149,593
742,173,569
742,179,563
742,233,509
742,239,503
742,251,491
742,263,479
742,281,461
742,293,449
742,311,431
742,353,389
742,359,383
744,5,739
744,11,733
744,17,727
744,43,701
744,53,691
744,61,683
744,67,677
744,71,673
744,83,661
744,97,647
744,101,643
744,103,641
744,113,631
744,127,617
744,131,613
744,137,607
744,151,593
744,157,587
744,167,577
744,173,571
744,181,563
744,197,547
744,223,521
744,241,503
744,257,487
744,277,467
744,281,463
744,283,461
744,311,433
744,313,431
744,347,397
746,3,743
746,7,739
746,13,733
746,19,727
746,37,709
746,73,673
746,103,643
746,127,619
746,139,607
746,199,547
746,223,523
746,283,463
746,307,439
746,313,433
746,337,409
746,349,397
746,367,379
746,373,373
748,5,743
748,29,719
748,47,701
748,71,677
748,89,659
748,101,647
748,107,641
748,131,617
748,149,599
748,179,569
748,191,557
748,227,521
748,239,509
748,257,491
748,269,479
748,281,467
748,317,431
748,347,401
748,359,389
750,7,743
750,11,739
750,17,733
750,23,727
750,31,719
750,41,709
750,59,691
750,67,683
750,73,677
750,89,661
750,97,653
750,103,647
750,107,643
750,109,641
750,131,619
750,137,613
750,149,601
750,151,599
750,157,593
750,163,587
750,173,577
750,179,571
750,181,569
750,193,557
750,227,523
750,229,521
750,241,509
750,251,499
750,263,487
750,271,479
750,283,467
750,293,457
750,307,443
750,311,439
750,317,433
750,331,419
750,349,401
750,353,397
750,367,383
752,13,739
752,19,733
752,43,709
752,61,691
752,79,673
752,109,643
752,139,613
752,151,601
752,181,571
752,211,541
752,229,523
752,313,439
752,331,421
752,373,379
754,3,751
754,11,743
754,53,701
754,71,683
754,101,653
754,107,647
754,113,641
754,137,617
754,167,587
754,191,563
754,197,557
754,233,521
754,251,503
754,263,491
754,293,461
754,311,443
754,353,401
756,5,751
756,13,743
756,17,739
756,23,733
756,29,727
756,37,719
756,47,709
756,73,683
756,79,677
756,83,673
756,97,659
756,103,653
756,109,647
756,113,643
756,137,619
756,139,617
756,149,607
756,157,599
756,163,593
756,179,577
756,193,563
756,199,557
756,233,523
756,257,499
756,269,487
756,277,479
756,293,463
756,307,449
756,313,443
756,317,439
756,337,419
756,347,409
756,359,397
756,367,389
756,373,383
758,7,751
758,19,739
758,31,727
758,67,691
758,97,661
758,127,631
758,139,619
758,151,607
758,157,601
758,181,577
758,211,547
758,271,487
758,337,421
758,349,409
758,379,379
760,3,757
760,17,743
760,41,719
760,59,701
760,83,677
760,101,659
760,107,653
760,113,647
760,167,593
760,173,587
760,191,569
760,197,563
760,239,521
760,251,509
760,257,503
760,269,491
760,281,479
760,293,467
760,311,449
760,317,443
760,359,401
762,5,757
762,11,751
762,19,743
762,23,739
762,29,733
762,43,719
762,53,709
762,61,701
762,71,691
762,79,683
762,89,673
762,101,661
762,103,659
762,109,653
762,131,631
762,149,613
762,163,599
762,191,571
762,193,569
762,199,563
762,239,523
762,241,521
762,263,499
762,271,491
762,283,479
762,313,449
762,331,431
762,353,409
762,373,389
762,379,383
764,3,761
764,7,757
764,13,751
764,31,733
764,37,727
764,73,691
764,103,661
764,151,613
764,157,607
764,163,601
764,193,571
764,223,541
764,241,523
764,277,487
764,307,457
764,331,433
764,367,397
766,5,761
766,23,743
766,47,719
766,83,683
766,89,677
766,107,659
766,113,653
766,149,617
766,167,599
766,173,593
766,179,587
766,197,569
766,257,509
766,263,503
766,317,449
766,347,419
766,383,383
768,7,761
768,11,757
768,17,751
768,29,739
768,41,727
768,59,709
768,67,701
768,107,661
768,109,659
768,127,641
768,137,631
768,149,619
768,151,617
768,167,601
768,181,587
768,191,577
768,197,571
768,199,569
768,211,557
768,227,541
768,269,499
768,277,491
768,281,487
768,307,461
768,311,457
768,337,431
768,347,421
768,349,419
768,359,409
768,367,401
768,379,389
770,13,757
770,19,751
770,31,739
770,37,733
770,43,727
770,61,709
770,79,691
770,97,673
770,109,661
770,127,643
770,139,631
770,151,619
770,157,613
770,163,607
770,193,577
770,199,571
770,223,547
770,229,541
770,271,499
770,283,487
770,307,463
770,313,457
770,331,439
770,337,433
770,349,421
770,373,397
772,3,769
772,11,761
772,29,743
772,53,719
772,71,701
772,89,683
772,113,659
772,131,641
772,173,599
772,179,593
772,251,521
772,263,509
772,269,503
772,281,491
772,293,479
772,311,461
772,353,419
772,383,389
774,5,769
774,13,761
774,17,757
774,23,751
774,31,743
774,41,733
774,47,727
774,73,701
774,83,691
774,97,677
774,101,673
774,113,661
774,127,647
774,131,643
774,157,617
774,167,607
774,173,601
774,181,593
774,197,577
774,211,563
774,227,547
774,233,541
774,251,523
774,271,503
774,283,491
774,307,467
774,311,463
774,313,461
774,317,457
774,331,443
774,353,421
774,373,401
776,3,773
776,7,769
776,19,757
776,37,739
776,43,733
776,67,709
776,103,673
776,157,619
776,163,613
776,199,577
776,229,547
776,277,499
776,313,463
776,337,439
776,367,409
776,379,397
778,5,773
778,17,761
778,59,719
778,101,677
778,131,647
778,137,641
778,179,599
778,191,587
778,257,521
778,269,509
778,311,467
778,317,461
778,347,431
778,359,419
778,389,389
780,7,773
780,11,769
780,19,761
780,23,757
780,29,751
780,37,743
780,41,739
780,47,733
780,53,727
780,61,719
780,71,709
780,79,701
780,89,691
780,97,683
780,103,677
780,107,673
780,127,653
780,137,643
780,139,641
780,149,631
780,163,617
780,167,613
780,173,607
780,179,601
780,181,599
780,193,587
780,211,569
780,223,557
780,233,547
780,239,541
780,257,523
780,271,509
780,277,503
780,281,499
780,293,487
780,313,467
780,317,463
780,331,449
780,337,443
780,347,433
780,349,431
780,359,421
780,379,401
780,383,397
782,13,769
782,31,751
782,43,739
782,73,709
782,109,673
782,139,643
782,151,631
782,163,619
782,181,601
782,211,571
782,241,541
782,283,499
782,349,433
782,373,409
784,11,773
784,23,761
784,41,743
784,83,701
784,101,683
784,107,677
784,131,653
784,137,647
784,167,617
784,191,593
784,197,587
784,227,557
784,263,521
784,281,503
784,293,491
784,317,467
784,353,431
784,383,401
786,13,773
786,17,769
786,29,757
786,43,743
786,47,739
786,53,733
786,59,727
786,67,719
786,103,683
786,109,677
786,113,673
786,127,659
786,139,647
786,167,619
786,173,613
786,179,607
786,193,593
786,199,587
786,223,563
786,229,557
786,239,547
786,263,523
786,277,509
786,283,503
786,307,479
786,337,449
786,347,439
786,353,433
786,367,419
786,389,397
788,19,769
788,31,757
788,37,751
788,61,727
788,79,709
788,97,691
788,127,661
788,157,631
788,181,607
788,211,577
788,241,547
788,331,457
788,349,439
788,367,421
788,379,409
790,3,787
790,17,773
790,29,761
790,47,743
790,71,719
790,89,701
790,107,683
790,113,677
790,131,659
790,137,653
790,149,641
790,173,617
790,191,599
790,197,593
790,227,563
790,233,557
790,269,521
790,281,509
790,311,479
790,347,443
790,359,431
790,389,401
792,5,787
792,19,773
792,23,769
792,31,761
792,41,751
792,53,739
792,59,733
792,73,719
792,83,709
792,101,691
792,109,683
792,131,661
792,139,653
792,149,643
792,151,641
792,173,619
792,179,613
792,191,601
792,193,599
792,199,593
792,223,569
792,229,563
792,251,541
792,269,523
792,271,521
792,283,509
792,293,499
792,313,479
792,331,461
792,349,443
792,353,439
792,359,433
792,373,419
792,383,409
794,7,787
794,37,757
794,43,751
794,61,733
794,67,727
794,103,691
794,151,643
794,163,631
794,181,613
794,193,601
794,223,571
794,271,523
794,307,487
794,331,463
794,337,457
794,373,421
794,397,397
796,23,773
796,53,743
796,113,683
796,137,659
796,149,647
796,179,617
796,197,599
796,227,569
796,233,563
796,239,557
796,293,503
796,317,479
796,347,449
796,353,443
798,11,787
798,29,769
798,37,761
798,41,757
798,47,751
798,59,739
798,71,727
798,79,719
798,89,709
798,97,701
798,107,691
798,137,661
798,139,659
798,151,647
798,157,641
798,167,631
798,179,619
798,181,617
798,191,607
798,197,601
798,199,599
798,211,587
798,227,571
798,229,569
798,241,557
798,251,547
798,257,541
798,277,521
798,307,491
798,311,487
798,331,467
798,337,461
798,349,449
798,359,439
798,367,431
798,379,419
798,389,409
798,397,401
800,3,797
800,13,787
800,31,769
800,43,757
800,61,739
800,67,733
800,73,727
800,109,691
800,127,673
800,139,661
800,157,643
800,181,619
800,193,607
800,199,601
800,223,577
800,229,571
800,277,523
800,313,487
800,337,463
800,367,433
800,379,421
802,5,797
802,29,773
802,41,761
802,59,743
802,83,719
802,101,701
802,149,653
802,233,569
802,239,563
802,281,521
802,293,509
802,311,491
802,353,449
802,359,443
802,383,419
802,401,401
804,7,797
804,17,787
804,31,773
804,43,761
804,47,757
804,53,751
804,61,743
804,71,733
804,103,701
804,113,691
804,127,677
804,131,673
804,151,653
804,157,647
804,163,641
804,173,631
804,191,613
804,197,607
804,211,593
804,227,577
804,233,571
804,241,563
804,257,547
804,263,541
804,281,523
804,283,521
804,313,491
804,317,487
804,337,467
804,347,457
804,373,431
804,383,421
806,19,787
806,37,769
806,67,739
806,73,733
806,79,727
806,97,709
806,163,643
806,193,613
806,199,607
806,229,577
806,283,523
806,307,499
806,349,457
806,367,439
806,373,433
806,397,409
808,11,797
808,47,761
808,89,719
808,107,701
808,131,677
808,149,659
808,167,641
808,191,617
808,239,569
808,251,557
808,317,491
808,347,461
808,359,449
808,389,419
810,13,797
810,23,787
810,37,773
810,41,769
810,53,757
810,59,751
810,67,743
810,71,739
810,83,727
810,101,709
810,109,701
810,127,683
810,137,673
810,149,661
810,151,659
810,157,653
810,163,647
810,167,643
810,179,631
810,191,619
810,193,617
810,197,613
810,211,599
810,223,587
810,233,577
810,239,571
810,241,569
810,263,547
810,269,541
810,307,503
810,311,499
810,331,479
810,347,463
810,349,461
810,353,457
810,367,443
810,379,431
810,389,421
810,401,409
812,3,809
812,43,769
812,61,751
812,73,739
812,79,733
812,103,709
812,139,673
812,151,661
812,181,631
812,193,619
812,199,613
812,211,601
812,241,571
812,271,541
812,313,499
812,349,463
812,373,439
812,379,433
814,3,811
814,5,809
814,17,797
814,41,773
814,53,761
814,71,743
814,113,701
814,131,683
814,137,677
814,167,647
814,173,641
814,197,617
814,227,587
814,251,563
814,257,557
814,293,521
814,311,503
814,347,467
814,353,461
814,383,431
816,5,811
816,7,809
816,19,797
816,29,787
816,43,773
816,47,769
816,59,757
816,73,743
816,83,733
816,89,727
816,97,719
816,107,709
816,139,677
816,157,659
816,163,653
816,173,643
816,197,619
816,199,617
816,223,593
816,229,587
816,239,577
816,269,547
816,293,523
816,307,509
816,313,503
816,317,499
816,337,479
816,349,467
816,353,463
816,359,457
816,367,449
816,373,443
816,383,433
816,397,419
818,7,811
818,31,787
818,61,757
818,67,751
818,79,739
818,109,709
818,127,691
818,157,661
818,199,619
818,211,607
818,241,577
818,271,547
818,277,541
818,331,487
818,379,439
818,397,421
818,409,409
820,11,809
820,23,797
820,47,773
820,59,761
820,101,719
820,137,683
820,167,653
820,173,647
820,179,641
820,227,593
820,233,587
820,251,569
820,257,563
820,263,557
820,311,509
820,317,503
820,353,467
820,359,461
820,389,431
820,401,419
822,11,811
822,13,809
822,53,769
822,61,761
822,71,751
822,79,743
822,83,739
822,89,733
822,103,719
822,113,709
822,131,691
822,139,683
822,149,673
822,163,659
822,179,643
822,181,641
822,191,631
822,223,599
822,229,593
822,251,571
822,281,541
822,313,509
822,331,491
822,359,463
822,373,449
822,379,443
822,383,439
822,389,433
822,401,421
824,3,821
824,13,811
824,37,787
824,67,757
824,73,751
824,97,727
824,151,673
824,163,661
824,181,643
824,193,631
824,211,613
824,223,601
824,277,547
824,283,541
824,337,487
824,367,457
826,3,823
826,5,821
826,17,809
826,29,797
826,53,773
826,83,743
826,107,719
826,149,677
826,167,659
826,173,653
826,179,647
826,227,599
826,233,593
826,239,587
826,257,569
826,263,563
826,269,557
826,317,509
826,347,479
826,359,467
826,383,443
828,5,823
828,7,821
828,17,811
828,19,809
828,31,797
828,41,787
828,59,769
828,67,761
828,71,757
828,89,739
828,101,727
828,109,719
828,127,701
828,137,691
828,151,677
828,167,661
828,181,647
828,197,631
828,211,617
828,227,601
828,229,599
828,241,587
828,251,577
828,257,571
828,271,557
828,281,547
828,307,521
828,337,491
828,349,479
828,367,461
828,379,449
828,389,439
828,397,431
828,409,419
830,3,827
830,7,823
830,19,811
830,43,787
830,61,769
830,73,757
830,79,751
830,97,733
830,103,727
830,139,691
830,157,673
830,199,631
830,211,619
830,223,607
830,229,601
830,283,547
830,307,523
830,331,499
830,367,463
830,373,457
830,397,433
830,409,421
832,3,829
832,5,827
832,11,821
832,23,809
832,59,773
832,71,761
832,89,743
832,113,719
832,131,701
832,149,683
832,173,659
832,179,653
832,191,641
832,233,599
832,239,593
832,263,569
832,269,563
832,311,521
832,353,479
832,383,449
832,389,443
832,401,431
834,5,829
834,7,827
834,11,823
834,13,821
834,23,811
834,37,797
834,47,787
834,61,773
834,73,761
834,83,751
834,101,733
834,107,727
834,151,683
834,157,677
834,173,661
834,181,653
834,191,643
834,193,641
834,227,607
834,233,601
834,241,593
834,257,577
834,263,571
834,271,563
834,277,557
834,293,541
834,311,523
834,313,521
834,331,503
834,347,487
834,367,467
834,373,461
834,401,433
836,7,829
836,13,823
836,67,769
836,79,757
836,97,739
836,103,733
836,109,727
836,127,709
836,163,673
836,193,643
836,223,613
836,229,607
836,313,523
836,337,499
836,349,487
836,373,463
836,379,457
836,397,439
838,11,827
838,17,821
838,29,809
838,41,797
838,137,701
838,179,659
838,191,647
838,197,641
838,239,599
838,251,587
838,269,569
838,281,557
838,317,521
838,347,491
838,359,479
838,389,449
838,419,419
840,11,829
840,13,827
840,17,823
840,19,821
840,29,811
840,31,809
840,43,797
840,53,787
840,67,773
840,71,769
840,79,761
840,83,757
840,89,751
840,97,743
840,101,739
840,107,733
840,113,727
840,131,709
840,139,701
840,149,691
840,157,683
840,163,677
840,167,673
840,179,661
840,181,659
840,193,647
840,197,643
840,199,641
840,223,617
840,227,613
840,233,607
840,239,601
840,241,599
840,263,577
840,269,571
840,271,569
840,277,563
840,283,557
840,293,547
840,317,523
840,331,509
840,337,503
840,349,491
840,353,487
840,373,467
840,379,461
840,383,457
840,397,443
840,401,439
840,409,431
840,419,421
842,3,839
842,13,829
842,19,823
842,31,811
842,73,769
842,103,739
842,109,733
842,151,691
842,181,661
842,199,643
842,211,631
842,223,619
842,229,613
842,241,601
842,271,571
842,379,463
842,409,433
842,421,421
844,5,839
844,17,827
844,23,821
844,47,797
844,71,773
844,83,761
844,101,743
844,167,677
844,191,653
844,197,647
844,227,617
844,251,593
844,257,587
844,281,563
844,353,491
844,383,461
844,401,443
846,7,839
846,17,829
846,19,827
846,23,823
846,37,809
846,59,787
846,73,773
846,89,757
846,103,743
846,107,739
846,113,733
846,127,719
846,137,709
846,163,683
846,173,673
846,193,653
846,199,647
846,227,619
846,229,617
846,233,613
846,239,607
846,269,577
846,277,569
846,283,563
846,337,509
846,347,499
846,359,487
846,367,479
846,379,467
846,383,463
846,389,457
846,397,449
848,19,829
848,37,811
848,61,787
848,79,769
848,97,751
848,109,739
848,139,709
848,157,691
848,229,619
848,241,607
848,271,577
848,277,571
848,307,541
848,349,499
848,409,439
850,11,839
850,23,827
850,29,821
850,41,809
850,53,797
850,89,761
850,107,743
850,131,719
850,149,701
850,167,683
850,173,677
850,191,659
850,197,653
850,233,617
850,251,599
850,257,593
850,263,587
850,281,569
850,293,557
850,347,503
850,359,491
850,383,467
850,389,461
850,401,449
850,419,431
852,13,839
852,23,829
852,29,823
852,31,821
852,41,811
852,43,809
852,79,773
852,83,769
852,101,751
852,109,743
852,113,739
852,151,701
852,179,673
852,191,661
852,193,659
852,199,653
852,211,641
852,233,619
852,239,613
852,251,601
852,281,571
852,283,569
852,311,541
852,331,521
852,349,503
852,353,499
852,373,479
852,389,463
852,409,443
852,419,433
852,421,431
854,31,823
854,43,811
854,67,787
854,97,757
854,103,751
854,127,727
854,163,691
854,181,673
854,193,661
854,211,643
854,223,631
854,241,613
854,277,577
854,283,571
854,307,547
854,313,541
854,331,523
854,367,487
854,397,457
854,421,433
856,3,853
856,17,839
856,29,827
856,47,809
856,59,797
856,83,773
856,113,743
856,137,719
856,173,683
856,179,677
856,197,659
856,239,617
856,257,599
856,263,593
856,269,587
856,293,563
856,347,509
856,353,503
856,389,467
858,5,853
858,19,839
858,29,829
858,31,827
858,37,821
858,47,811
858,61,797
858,71,787
858,89,769
858,97,761
858,101,757
858,107,751
858,131,727
858,139,719
858,149,709
858,157,701
858,167,691
858,181,677
858,197,661
858,199,659
858,211,647
858,227,631
858,239,619
858,241,617
858,251,607
858,257,601
858,271,587
858,281,577
858,311,547
858,317,541
858,337,521
858,349,509
858,359,499
858,367,491
858,379,479
858,397,461
858,401,457
858,409,449
858,419,439
860,3,857
860,7,853
860,31,829
860,37,823
860,73,787
860,103,757
860,109,751
860,127,733
860,151,709
860,199,661
860,229,631
860,241,619
860,283,577
860,313,547
860,337,523
860,373,487
860,397,463
860,421,439
862,3,859
862,5,857
862,23,839
862,41,821
862,53,809
862,89,773
862,101,761
862,179,683
862,263,599
862,269,593
862,293,569
862,353,509
862,359,503
862,383,479
862,401,461
862,419,443
862,431,431
864,5,859
864,7,857
864,11,853
864,37,827
864,41,823
864,43,821
864,53,811
864,67,797
864,103,761
864,107,757
864,113,751
864,131,733
864,137,727
864,163,701
864,173,691
864,181,683
864,191,673
864,211,653
864,223,641
864,233,631
864,251,613
864,257,607
864,263,601
864,271,593
864,277,587
864,293,571
864,307,557
864,317,547
864,373,491
864,397,467
864,401,463
864,421,443
864,431,433
866,3,863
866,7,859
866,13,853
866,37,829
866,43,823
866,79,787
866,97,769
866,109,757
866,127,739
866,139,727
866,157,709
866,193,673
866,223,643
866,367,499
866,379,487
866,409,457
866,433,433
868,5,863
868,11,857
868,29,839
868,41,827
868,47,821
868,59,809
868,71,797
868,107,761
868,149,719
868,167,701
868,191,677
868,227,641
868,251,617
868,269,599
868,281,587
868,311,557
868,347,521
868,359,509
868,389,479
868,401,467
868,419,449
870,7,863
870,11,859
870,13,857
870,17,853
870,31,839
870,41,829
870,43,827
870,47,823
870,59,811
870,61,809
870,73,797
870,83,787
870,97,773
870,101,769
870,109,761
870,113,757
870,127,743
870,131,739
870,137,733
870,151,719
870,179,691
870,193,677
870,197,673
870,211,659
870,223,647
870,227,643
870,229,641
870,239,631
870,251,619
870,257,613
870,263,607
870,269,601
870,271,599
870,277,593
870,283,587
870,293,577
870,307,563
870,313,557
870,347,523
870,349,521
870,367,503
870,379,491
870,383,487
870,409,461
870,421,449
870,431,439
872,13,859
872,19,853
872,43,829
872,61,811
872,103,769
872,139,733
872,163,709
872,181,691
872,199,673
872,211,661
872,229,643
872,241,631
872,271,601
872,331,541
872,349,523
872,373,499
872,409,463
872,433,439
874,11,863
874,17,857
874,47,827
874,53,821
874,101,773
874,113,761
874,131,743
874,173,701
874,191,683
874,197,677
874,227,647
874,233,641
874,257,617
874,281,593
874,311,563
874,317,557
874,353,521
874,383,491
874,431,443
876,13,863
876,17,859
876,19,857
876,23,853
876,37,839
876,47,829
876,53,823
876,67,809
876,79,797
876,89,787
876,103,773
876,107,769
876,137,739
876,149,727
876,157,719
876,167,709
876,193,683
876,199,677
876,223,653
876,229,647
876,233,643
876,257,619
876,263,613
876,269,607
876,277,599
876,283,593
876,307,569
876,313,563
876,353,523
876,367,509
876,373,503
876,389,487
876,397,479
876,409,467
876,419,457
876,433,443
878,19,859
878,67,811
878,109,769
878,127,751
878,139,739
878,151,727
878,271,607
878,277,601
878,307,571
878,331,547
878,337,541
878,379,499
878,421,457
878,439,439
880,3,877
880,17,863
880,23,857
880,41,839
880,53,827
880,59,821
880,71,809
880,83,797
880,107,773
880,137,743
880,179,701
880,197,683
880,227,653
880,233,647
880,239,641
880,263,617
880,281,599
880,293,587
880,311,569
880,317,563
880,359,521
880,389,491
880,401,479
880,419,461
880,431,449
882,5,877
882,19,863
882,23,859
882,29,853
882,43,839
882,53,829
882,59,823
882,61,821
882,71,811
882,73,809
882,109,773
882,113,769
882,131,751
882,139,743
882,149,733
882,163,719
882,173,709
882,181,701
882,191,691
882,199,683
882,223,659
882,229,653
882,239,643
882,241,641
882,251,631
882,263,619
882,269,613
882,281,601
882,283,599
882,311,571
882,313,569
882,359,523
882,373,509
882,379,503
882,383,499
882,419,463
882,421,461
882,433,449
882,439,443
884,3,881
884,7,877
884,31,853
884,61,823
884,73,811
884,97,787
884,127,757
884,151,733
884,157,727
884,193,691
884,211,673
884,223,661
884,241,643
884,271,613
884,277,607
884,283,601
884,307,577
884,313,571
884,337,547
884,397,487
884,421,463
886,3,883
886,5,881
886,23,863
886,29,857
886,47,839
886,59,827
886,89,797
886,113,773
886,167,719
886,227,659
886,233,653
886,239,647
886,269,617
886,293,593
886,317,569
886,383,503
886,419,467
886,443,443
888,5,883
888,7,881
888,11,877
888,29,859
888,31,857
888,59,829
888,61,827
888,67,821
888,79,809
888,101,787
888,127,761
888,131,757
888,137,751
888,149,739
888,179,709
888,197,691
888,211,677
888,227,661
888,229,659
888,241,647
888,257,631
888,269,619
888,271,617
888,281,607
888,311,577
888,317,571
888,331,557
888,347,541
888,367,521
888,379,509
888,389,499
888,397,491
888,401,487
888,409,479
888,421,467
888,431,457
888,439,449
890,3,887
890,7,883
890,13,877
890,31,859
890,37,853
890,61,829
890,67,823
890,79,811
890,103,787
890,139,751
890,151,739
890,157,733
890,163,727
890,181,709
890,199,691
890,229,661
890,271,619
890,277,613
890,283,607
890,313,577
890,349,541
890,367,523
890,433,457
892,5,887
892,11,881
892,29,863
892,53,839
892,71,821
892,83,809
892,131,761
892,149,743
892,173,719
892,191,701
892,233,659
892,239,653
892,251,641
892,293,599
892,383,509
892,389,503
892,401,491
892,431,461
892,443,449
894,7,887
894,11,883
894,13,881
894,17,877
894,31,863
894,37,857
894,41,853
894,67,827
894,71,823
894,73,821
894,83,811
894,97,797
894,107,787
894,137,757
894,151,743
894,167,727
894,193,701
894,211,683
894,233,661
894,241,653
894,251,643
894,263,631
894,277,617
894,281,613
894,293,601
894,307,587
894,317,577
894,331,563
894,337,557
894,347,547
894,353,541
894,373,521
894,431,463
894,433,461
896,13,883
896,19,877
896,37,859
896,43,853
896,67,829
896,73,823
896,109,787
896,127,769
896,139,757
896,157,739
896,163,733
896,223,673
896,277,619
896,283,613
896,349,547
896,373,523
896,397,499
896,409,487
896,433,463
896,439,457
898,11,887
898,17,881
898,41,857
898,59,839
898,71,827
898,89,809
898,101,797
898,137,761
898,179,719
898,197,701
898,239,659
898,251,647
898,257,641
898,281,617
898,311,587
898,389,509
898,419,479
898,431,467
898,449,449
900,13,887
900,17,883
900,19,881
900,23,877
900,37,863
900,41,859
900,43,857
900,47,853
900,61,839
900,71,829
900,73,827
900,79,821
900,89,811
900,103,797
900,113,787
900,127,773
900,131,769
900,139,761
900,149,751
900,157,743
900,167,733
900,173,727
900,181,719
900,191,709
900,199,701
900,223,677
900,227,673
900,239,661
900,241,659
900,257,643
900,269,631
900,281,619
900,283,617
900,293,607
900,307,593
900,313,587
900,331,569
900,337,563
900,353,547
900,359,541
900,379,521
900,397,503
900,401,499
900,409,491
900,421,479
900,433,467
900,439,461
900,443,457
902,19,883
902,43,859
902,73,829
902,79,823
902,151,751
902,163,739
902,193,709
902,211,691
902,229,673
902,241,661
902,271,631
902,283,619
902,331,571
902,379,523
902,439,463
904,17,887
904,23,881
904,41,863
904,47,857
904,83,821
904,107,797
904,131,773
904,227,677
904,251,653
904,257,647
904,263,641
904,311,593
904,317,587
904,347,557
904,383,521
904,401,503
904,443,461
906,19,887
906,23,883
906,29,877
906,43,863
906,47,859
906,53,853
906,67,839
906,79,827
906,83,823
906,97,809
906,109,797
906,137,769
906,149,757
906,163,743
906,167,739
906,173,733
906,179,727
906,197,709
906,223,683
906,229,677
906,233,673
906,263,643
906,293,613
906,307,599
906,313,593
906,337,569
906,349,557
906,359,547
906,383,523
906,397,509
906,419,487
906,439,467
906,443,463
906,449,457
908,31,877
908,79,829
908,97,811
908,139,769
908,151,757
908,157,751
908,181,727
908,199,709
908,277,631
908,307,601
908,331,577
908,337,571
908,367,541
908,409,499
908,421,487
910,3,907
910,23,887
910,29,881
910,47,863
910,53,857
910,71,839
910,83,827
910,89,821
910,101,809
910,113,797
910,137,773
910,149,761
910,167,743
910,191,719
910,227,683
910,233,677
910,251,659
910,257,653
910,263,647
910,269,641
910,293,617
910,311,599
910,317,593
910,347,563
910,353,557
910,389,521
910,401,509
910,419,491
910,431,479
910,443,467
910,449,461
912,5,907
912,29,883
912,31,881
912,53,859
912,59,853
912,73,839
912,83,829
912,89,823
912,101,811
912,103,809
912,139,773
912,151,761
912,173,739
912,179,733
912,193,719
912,211,701
912,229,683
912,239,673
912,251,661
912,269,643
912,271,641
912,281,631
912,293,619
912,311,601
912,313,599
912,349,563
912,389,523
912,409,503
912,421,491
912,433,479
912,449,463
914,3,911
914,7,907
914,31,883
914,37,877
914,61,853
914,103,811
914,127,787
914,157,757
914,163,751
914,181,733
914,223,691
914,241,673
914,271,643
914,283,631
914,307,607
914,313,601
914,337,577
914,367,547
914,373,541
914,457,457
916,5,911
916,29,887
916,53,863
916,59,857
916,89,827
916,107,809
916,173,743
916,197,719
916,233,683
916,239,677
916,257,659
916,263,653
916,269,647
916,317,599
916,347,569
916,353,563
916,359,557
916,449,467
918,7,911
918,11,907
918,31,887
918,37,881
918,41,877
918,59,859
918,61,857
918,79,839
918,89,829
918,97,821
918,107,811
918,109,809
918,131,787
918,149,769
918,157,761
918,167,751
918,179,739
918,191,727
918,199,719
918,227,691
918,241,677
918,257,661
918,271,647
918,277,641
918,311,607
918,317,601
918,331,587
918,347,571
918,349,569
918,397,521
918,409,509
918,419,499
918,431,487
918,439,479
918,457,461
920,13,907
920,37,883
920,43,877
920,61,859
920,67,853
920,97,823
920,109,811
920,151,769
920,163,757
920,181,739
920,193,727
920,211,709
920,229,691
920,277,643
920,307,613
920,313,607
920,349,571
920,373,547
920,379,541
920,397,523
920,421,499
920,433,487
920,457,463
922,3,919
922,11,911
922,41,881
922,59,863
922,83,839
922,101,821
922,113,809
922,149,773
922,179,743
922,239,683
922,263,659
922,269,653
922,281,641
922,353,569
922,359,563
922,401,521
922,419,503
922,431,491
922,443,479
922,461,461
924,5,919
924,13,911
924,17,907
924,37,887
924,41,883
924,43,881
924,47,877
924,61,863
924,67,857
924,71,853
924,97,827
924,101,823
924,103,821
924,113,811
924,127,797
924,137,787
924,151,773
924,163,761
924,167,757
924,173,751
924,181,743
924,191,733
924,197,727
924,223,701
924,233,691
924,241,683
924,251,673
924,263,661
924,271,653
924,277,647
924,281,643
924,283,641
924,293,631
924,307,617
924,311,613
924,317,607
924,331,593
924,337,587
924,347,577
924,353,571
924,367,557
924,383,541
924,401,523
924,421,503
924,433,491
924,457,467
924,461,463
926,7,919
926,19,907
926,43,883
926,67,859
926,73,853
926,97,829
926,103,823
926,139,787
926,157,769
926,193,733
926,199,727
926,283,643
926,307,619
926,313,613
926,349,577
926,379,547
926,439,487
926,463,463
928,17,911
928,41,887
928,47,881
928,71,857
928,89,839
928,101,827
928,107,821
928,131,797
928,167,761
928,227,701
928,251,677
928,269,659
928,281,647
928,311,617
928,359,569
928,419,509
928,449,479
928,461,467
930,11,919
930,19,911
930,23,907
930,43,887
930,47,883
930,53,877
930,67,863
930,71,859
930,73,857
930,101,829
930,103,827
930,107,823
930,109,821
930,157,773
930,173,757
930,179,751
930,191,739
930,197,733
930,211,719
930,229,701
930,239,691
930,257,673
930,269,661
930,271,659
930,277,653
930,283,647
930,311,619
930,313,617
930,317,613
930,331,599
930,337,593
930,353,577
930,359,571
930,367,563
930,373,557
930,383,547
930,389,541
930,409,521
930,421,509
930,431,499
930,439,491
930,443,487
930,463,467
932,3,929
932,13,919
932,73,859
932,79,853
932,103,829
932,109,823
932,163,769
932,181,751
932,193,739
932,199,733
932,223,709
932,241,691
932,271,661
932,313,619
932,331,601
932,409,523
932,433,499
934,5,929
934,23,911
934,47,887
934,53,881
934,71,863
934,107,827
934,113,821
934,137,797
934,173,761
934,191,743
934,233,701
934,251,683
934,257,677
934,281,653
934,293,641
934,317,617
934,347,587
934,431,503
934,443,491
934,467,467
936,7,929
936,17,919
936,29,907
936,53,883
936,59,877
936,73,863
936,79,857
936,83,853
936,97,839
936,107,829
936,109,827
936,113,823
936,127,809
936,139,797
936,149,787
936,163,773
936,167,769
936,179,757
936,193,743
936,197,739
936,227,709
936,263,673
936,277,659
936,283,653
936,293,643
936,317,619
936,337,599
936,349,587
936,359,577
936,367,569
936,373,563
936,379,557
936,389,547
936,433,503
936,449,487
936,457,479
938,19,919
938,31,907
938,61,877
938,79,859
938,109,829
938,127,811
938,151,787
938,181,757
938,199,739
938,211,727
938,229,709
938,277,661
938,307,631
938,331,607
938,337,601
938,367,571
938,397,541
938,439,499
940,3,937
940,11,929
940,29,911
940,53,887
940,59,881
940,83,857
940,101,839
940,113,827
940,131,809
940,167,773
940,179,761
940,197,743
940,239,701
940,257,683
940,263,677
940,281,659
940,293,647
940,347,593
940,353,587
940,383,557
940,419,521
940,431,509
940,449,491
940,461,479
942,5,937
942,13,929
942,23,919
942,31,911
942,59,883
942,61,881
942,79,863
942,83,859
942,89,853
942,103,839
942,113,829
942,131,811
942,173,769
942,181,761
942,191,751
942,199,743
942,223,719
942,233,709
942,241,701
942,251,691
942,269,673
942,281,661
942,283,659
942,311,631
942,349,593
942,373,569
942,379,563
942,401,541
942,419,523
942,421,521
942,433,509
942,439,503
942,443,499
942,463,479
944,3,941
944,7,937
944,37,907
944,61,883
944,67,877
944,157,787
944,193,751
944,211,733
944,271,673
944,283,661
944,313,631
944,331,613
944,337,607
944,367,577
944,373,571
944,397,547
944,421,523
944,457,487
946,5,941
946,17,929
946,59,887
946,83,863
946,89,857
946,107,839
946,137,809
946,149,797
946,173,773
946,227,719
946,263,683
946,269,677
946,293,653
946,347,599
946,353,593
946,359,587
946,383,563
946,389,557
946,443,503
946,467,479
948,7,941
948,11,937
948,19,929
948,29,919
948,37,911
948,41,907
948,61,887
948,67,881
948,71,877
948,89,859
948,109,839
948,127,821
948,137,811
948,139,809
948,151,797
948,179,769
948,191,757
948,197,751
948,229,719
948,239,709
948,257,691
948,271,677
948,307,641
948,317,631
948,331,617
948,347,601
948,349,599
948,379,569
948,401,547
948,439,509
948,449,499
948,457,491
948,461,487
950,3,947
950,13,937
950,31,919
950,43,907
950,67,883
950,73,877
950,97,853
950,127,823
950,139,811
950,163,787
950,181,769
950,193,757
950,199,751
950,211,739
950,223,727
950,241,709
950,277,673
950,307,643
950,331,619
950,337,613
950,349,601
950,373,577
950,379,571
950,409,541
950,463,487
952,5,947
952,11,941
952,23,929
952,41,911
952,71,881
952,89,863
952,113,839
952,131,821
952,179,773
952,191,761
952,233,719
952,251,701
952,269,683
952,293,659
952,311,641
952,353,599
952,359,593
952,383,569
952,389,563
952,431,521
952,443,509
952,449,503
952,461,491
954,7,947
954,13,941
954,17,937
954,43,911
954,47,907
954,67,887
954,71,883
954,73,881
954,97,857
954,101,853
954,127,827
954,131,823
954,157,797
954,167,787
954,181,773
954,193,761
954,197,757
954,211,743
954,227,727
954,263,691
954,271,683
954,277,677
954,281,673
954,293,661
954,307,647
954,311,643
954,313,641
954,337,617
954,347,607
954,353,601
954,367,587
954,383,571
954,397,557
954,431,523
954,433,521
954,463,491
954,467,487
956,3,953
956,19,937
956,37,919
956,73,883
956,79,877
956,97,859
956,103,853
956,127,829
956,199,757
956,223,733
956,229,727
956,283,673
956,313,643
956,337,619
956,349,607
956,379,577
956,409,547
956,433,523
956,457,499
958,5,953
958,11,947
958,17,941
958,29,929
958,47,911
958,71,887
958,101,857
958,131,827
958,137,821
958,149,809
958,197,761
958,239,719
958,257,701
958,281,677
958,311,647
958,317,641
958,359,599
958,389,569
958,401,557
958,449,509
958,467,491
958,479,479
960,7,953
960,13,947
960,19,941
960,23,937
960,31,929
960,41,919
960,53,907
960,73,887
960,79,881
960,83,877
960,97,863
960,101,859
960,103,857
960,107,853
960,131,829
960,137,823
960,139,821
960,149,811
960,151,809
960,163,797
960,173,787
960,191,769
960,199,761
960,227,733
960,233,727
960,241,719
960,251,709
960,269,691
960,277,683
960,283,677
960,307,653
960,313,647
960,317,643
960,347,613
960,353,607
960,359,601
960,367,593
960,373,587
960,383,577
960,389,571
960,397,563
960,419,541
960,439,521
960,457,503
960,461,499
962,43,919
962,79,883
962,103,859
962,109,853
962,139,823
962,151,811
962,193,769
962,211,751
962,223,739
962,229,733
962,271,691
962,331,631
962,349,613
962,421,541
962,439,523
962,463,499
964,11,953
964,17,947
964,23,941
964,53,911
964,83,881
964,101,863
964,107,857
964,137,827
964,167,797
964,191,773
964,263,701
964,281,683
964,311,653
964,317,647
964,347,617
964,401,563
964,443,521
964,461,503
966,13,953
966,19,947
966,29,937
966,37,929
966,47,919
966,59,907
966,79,887
966,83,883
966,89,877
966,103,863
966,107,859
966,109,857
966,113,853
966,127,839
966,137,829
966,139,827
966,157,809
966,179,787
966,193,773
966,197,769
966,223,743
966,227,739
966,233,733
966,239,727
966,257,709
966,283,683
966,293,673
966,307,659
966,313,653
966,347,619
966,349,617
966,353,613
966,359,607
966,367,599
966,373,593
966,379,587
966,389,577
966,397,569
966,409,557
966,419,547
966,443,523
966,457,509
966,463,503
966,467,499
966,479,487
968,31,937
968,61,907
968,109,859
968,139,829
968,157,811
968,181,787
968,199,769
968,211,757
968,229,739
968,241,727
968,277,691
968,307,661
968,337,631
968,349,619
968,367,601
968,397,571
968,421,547
970,3,967
970,17,953
970,23,947
970,29,941
970,41,929
970,59,911
970,83,887
970,89,881
970,107,863
970,113,857
970,131,839
970,149,821
970,173,797
970,197,773
970,227,743
970,251,719
970,269,701
970,293,677
970,311,659
970,317,653
970,353,617
970,383,587
970,401,569
970,449,521
970,461,509
970,467,503
970,479,491
972,5,967
972,19,953
972,31,941
972,43,929
972,53,919
972,61,911
972,89,883
972,109,863
972,113,859
972,149,823
972,151,821
972,163,809
972,199,773
972,211,761
972,229,743
972,233,739
972,239,733
972,263,709
972,271,701
972,281,691
972,311,661
972,313,659
972,331,641
972,353,619
972,359,613
972,373,599
972,379,593
972,401,571
972,409,563
972,431,541
972,449,523
972,463,509
974,3,971
974,7,967
974,37,937
974,67,907
974,97,877
974,151,823
974,163,811
974,223,751
974,241,733
974,283,691
974,313,661
974,331,643
974,367,607
974,373,601
974,397,577
974,433,541
974,487,487
976,5,971
976,23,953
976,29,947
976,47,929
976,89,887
976,113,863
976,137,839
976,149,827
976,167,809
976,179,797
976,233,743
976,257,719
976,293,683
976,317,659
976,359,617
976,383,593
976,389,587
976,419,557
976,467,509
978,7,971
978,11,967
978,31,947
978,37,941
978,41,937
978,59,919
978,67,911
978,71,907
978,97,881
978,101,877
978,139,839
978,149,829
978,151,827
978,157,821
978,167,811
978,181,797
978,191,787
978,227,751
978,239,739
978,251,727
978,269,709
978,277,701
978,317,661
978,331,647
978,337,641
978,347,631
978,359,619
978,379,599
978,401,577
978,409,569
978,421,557
978,431,547
978,457,521
978,479,499
978,487,491
980,3,977
980,13,967
980,43,937
980,61,919
980,73,907
980,97,883
980,103,877
980,127,853
980,151,829
980,157,823
980,193,787
980,211,769
980,223,757
980,229,751
980,241,739
980,271,709
980,307,673
980,337,643
980,349,631
980,367,613
980,373,607
980,379,601
980,409,571
980,433,547
980,439,541
980,457,523
982,5,977
982,11,971
982,29,953
982,41,941
982,53,929
982,71,911
982,101,881
982,173,809
982,239,743
982,263,719
982,281,701
982,383,599
982,389,593
982,419,563
982,461,521
982,479,503
982,491,491
984,7,977
984,13,971
984,17,967
984,31,953
984,37,947
984,43,941
984,47,937
984,73,911
984,97,887
984,101,883
984,103,881
984,107,877
984,127,857
984,131,853
984,157,827
984,163,821
984,173,811
984,197,787
984,211,773
984,223,761
984,227,757
984,233,751
984,241,743
984,251,733
984,257,727
984,283,701
984,293,691
984,307,677
984,311,673
984,331,653
984,337,647
984,353,631
984,367,617
984,383,601
984,397,587
984,421,563
984,443,541
984,461,523
984,463,521
986,3,983
986,19,967
986,67,919
986,79,907
986,103,883
986,109,877
986,127,859
986,157,829
986,163,823
986,199,787
986,229,757
986,277,709
986,313,673
986,367,619
986,373,613
986,379,607
986,409,577
986,439,547
986,463,523
986,487,499
988,5,983
988,11,977
988,17,971
988,41,947
988,47,941
988,59,929
988,101,887
988,107,881
988,131,857
988,149,839
988,167,821
988,179,809
988,191,797
988,227,761
988,269,719
988,311,677
988,347,641
988,389,599
988,401,587
988,419,569
988,431,557
988,467,521
988,479,509
990,7,983
990,13,977
990,19,971
990,23,967
990,37,953
990,43,947
990,53,937
990,61,929
990,71,919
990,79,911
990,83,907
990,103,887
990,107,883
990,109,881
990,113,877
990,127,863
990,131,859
990,137,853
990,151,839
990,163,827
990,167,823
990,179,811
990,181,809
990,193,797
990,229,761
990,233,757
990,239,751
990,251,739
990,257,733
990,263,727
990,271,719
990,281,709
990,307,683
990,313,677
990,317,673
990,331,659
990,337,653
990,347,643
990,349,641
990,359,631
990,373,617
990,383,607
990,389,601
990,397,593
990,419,571
990,421,569
990,433,557
990,443,547
990,449,541
990,467,523
990,487,503
990,491,499
992,73,919
992,109,883
992,139,853
992,163,829
992,181,811
992,223,769
992,241,751
992,283,709
992,331,661
992,349,643
992,373,619
992,379,613
992,421,571
994,3,991
994,11,983
994,17,977
994,23,971
994,41,953
994,47,947
994,53,941
994,83,911
994,107,887
994,113,881
994,131,863
994,137,857
994,167,827
994,173,821
994,197,797
994,233,761
994,251,743
994,293,701
994,311,683
994,317,677
994,347,647
994,353,641
994,401,593
994,431,563
994,491,503
996,5,991
996,13,983
996,19,977
996,29,967
996,43,953
996,59,937
996,67,929
996,89,907
996,109,887
996,113,883
996,137,859
996,139,857
996,157,839
996,167,829
996,173,823
996,199,797
996,223,773
996,227,769
996,239,757
996,257,739
996,263,733
996,269,727
996,277,719
996,313,683
996,337,659
996,349,647
996,353,643
996,379,617
996,383,613
996,389,607
996,397,599
996,409,587
996,419,577
996,433,563
996,439,557
996,449,547
996,487,509
998,7,991
998,31,967
998,61,937
998,79,919
998,139,859
998,211,787
998,229,769
998,241,757
998,271,727
998,307,691
998,337,661
998,367,631
998,379,619
998,397,601
998,421,577
998,457,541
998,499,499
1000,3,997
1000,17,983
1000,23,977
1000,29,971
1000,47,953
1000,53,947
1000,59,941
1000,71,929
1000,89,911
1000,113,887
1000,137,863
1000,173,827
1000,179,821
1000,191,809
1000,227,773
1000,239,761
1000,257,743
1000,281,719
1000,317,683
1000,347,653
1000,353,647
1000,359,641
1000,383,617
1000,401,599
1000,431,569
1000,443,557
1000,479,521
1000,491,509
